dataset,N,seed,p_err,non_equivariance,reps,val_acc,val_aug_acc,training_time,epoch_time,convergence_time,last_loss
aug_mnist,20,1.0,0.0,3.0,3.0,0.7999999996,0.49999999975,345.1659195423126,5.7527653257052105,15.0,0.6095052555136143
aug_mnist,20,1.0,0.0,3.0,2.0,0.749999999625,0.549999999725,420.4597022533417,7.007661704222361,5.0,0.6610924586328479
aug_mnist,20,1.0,0.0,3.0,1.0,0.89999999955,0.5999999997,468.2368173599243,7.803946955998739,11.0,0.6529031994654566
aug_mnist,20,1.0,0.0,4.0,1.0,0.49999999975,0.49999999975,562.578738451004,9.376312307516734,5.0,0.6771784457158694
aug_mnist,40,1.0,0.0,3.0,1.0,0.899999999775,0.6499999998375,562.9465873241425,9.38244312206904,20.0,0.6434908167899253
aug_mnist,20,1.0,0.0,4.0,2.0,0.6999999996499999,0.6999999996499999,589.7830350399017,9.829717250665029,28.0,0.6531254157138578
aug_mnist,20,1.0,0.0,4.0,3.0,0.7999999996,0.7999999996,618.9896106719971,10.316493511199951,11.0,0.6244911649680964
aug_mnist,40,1.0,0.0,3.0,2.0,0.899999999775,0.6499999998375,678.4788026809692,11.30798004468282,33.0,0.6435318158448238
aug_mnist,40,1.0,0.0,3.0,3.0,0.99999999975,0.7499999998125,689.3934586048126,11.489890976746876,14.0,0.6081541441350709
aug_mnist,40,1.0,0.0,4.0,1.0,0.7499999998125,0.7499999998125,809.7588815689087,13.495981359481812,10.0,0.6822189174377064
aug_mnist,80,1.0,0.0,3.0,2.0,0.5999999999250001,0.6124999999234375,873.9390811920166,14.565651353200275,11.0,0.6501392035863733
aug_mnist,40,1.0,0.0,4.0,3.0,0.87499999978125,0.87499999978125,945.2632234096528,15.754387056827545,15.0,0.6435363767922408
aug_mnist,40,1.0,0.0,4.0,2.0,0.7999999998,0.7999999998,1085.9355363845823,18.098925606409708,19.0,0.670585133861742
aug_mnist,80,1.0,0.0,3.0,3.0,0.94999999988125,0.7749999999031251,1196.4697868824005,19.94116311470668,21.0,0.5932789468023661
aug_mnist,80,1.0,0.0,3.0,1.0,0.9874999998765626,0.6874999999140625,1281.5105228424072,21.35850871404012,7.0,0.638378054419829
aug_mnist,80,1.0,0.0,4.0,1.0,0.6374999999203126,0.6374999999203126,1404.8438396453855,23.41406399408976,11.0,0.6584299390685064
aug_mnist,80,1.0,0.0,4.0,3.0,0.7999999999,0.7999999999,1760.9491658210754,29.34915276368459,11.0,0.6228877788003511
aug_mnist,80,1.0,0.0,4.0,2.0,0.8624999998921876,0.8624999998921876,1958.6089782714844,32.6434829711914,13.0,0.6547977983133072
aug_mnist,160,1.0,0.0,3.0,1.0,0.9312499999417968,0.6687499999582031,2488.516884326935,41.47528140544891,5.0,0.64588000233905
aug_mnist,160,1.0,0.0,3.0,3.0,0.9687499999394532,0.7249999999546874,2506.537933111191,41.775632218519846,16.0,0.6061390018084298
aug_mnist,160,1.0,0.0,3.0,2.0,0.9374999999414062,0.649999999959375,2802.0722484588623,46.70120414098104,16.0,0.6439915942743257
aug_mnist,160,1.0,0.0,4.0,1.0,0.6874999999570313,0.6874999999570313,2975.8176600933075,49.59696100155512,23.0,0.664668888408127
aug_mnist,160,1.0,0.0,4.0,2.0,0.8874999999445312,0.8874999999445312,3243.7644140720367,54.06274023453395,24.0,0.6559441971368905
aug_mnist,160,1.0,0.0,4.0,3.0,0.9249999999421874,0.9249999999421874,3376.6584661006927,56.27764110167821,16.0,0.6282191854322711
aug_mnist,320,1.0,0.0,3.0,1.0,0.9749999999695312,0.6312499999802734,4390.557058334351,73.17595097223918,14.0,0.6370032131472843
aug_mnist,320,1.0,0.0,3.0,2.0,0.9249999999710936,0.5937499999814453,5060.278998851776,84.33798331419626,16.0,0.6345529758731908
aug_mnist,320,1.0,0.0,3.0,3.0,0.9656249999698242,0.6749999999789063,5428.1360721588135,90.46893453598022,9.0,0.5971921038441002
aug_mnist,320,1.0,0.0,4.0,1.0,0.6718749999790039,0.6718749999790039,6931.319804191589,115.52199673652648,17.0,0.657111834863155
aug_mnist,20,2.0,0.0,3.0,1.0,0.9999999995,0.649999999675,311.35452818870544,5.189242136478424,14.0,0.6462167307483637
aug_mnist,20,2.0,0.0,3.0,2.0,0.6999999996499999,0.549999999725,292.43990445137024,4.873998407522837,19.0,0.6553469434084028
aug_mnist,320,1.0,0.0,4.0,2.0,0.8781249999725586,0.8781249999725586,7507.02415394783,125.11706923246383,28.0,0.643949503878497
aug_mnist,320,1.0,0.0,4.0,3.0,0.8437499999736328,0.8437499999736328,7698.423734664917,128.30706224441528,17.0,0.6244584971471193
aug_mnist,20,2.0,0.0,3.0,3.0,0.7999999996,0.649999999675,313.0205936431885,5.217009894053141,25.0,0.6081033581435
aug_mnist,20,2.0,0.0,4.0,1.0,0.549999999725,0.549999999725,297.59672451019287,4.959945408503215,19.0,0.6703152230010622
aug_mnist,20,2.0,0.0,4.0,2.0,0.49999999975,0.49999999975,391.8007376194,6.530012293656667,11.0,0.6702996679769229
aug_mnist,20,2.0,0.0,4.0,3.0,0.649999999675,0.649999999675,450.3410835266113,7.505684725443522,13.0,0.6391487398528117
aug_mnist,40,2.0,0.0,3.0,1.0,0.7999999998,0.5749999998562499,488.5970706939697,8.143284511566161,7.0,0.6493212489650576
aug_mnist,40,2.0,0.0,3.0,2.0,0.87499999978125,0.52499999986875,556.4317965507507,9.273863275845846,7.0,0.6426928441109867
aug_mnist,40,2.0,0.0,3.0,3.0,0.97499999975625,0.6999999998249999,628.8646714687347,10.481077857812243,7.0,0.6133260570423319
aug_mnist,640,1.0,0.0,3.0,2.0,0.9374999999853516,0.6312499999901368,8965.544769525528,149.4257461587588,21.0,0.6358670383592433
aug_mnist,40,2.0,0.0,4.0,1.0,0.7499999998125,0.7499999998125,882.3933913707733,14.706556522846222,5.0,0.6757950512865489
aug_mnist,40,2.0,0.0,4.0,2.0,0.6999999998249999,0.6999999998249999,791.7624235153198,13.196040391921995,14.0,0.666734639835567
aug_mnist,40,2.0,0.0,4.0,3.0,0.72499999981875,0.72499999981875,906.2786808013916,15.104644680023194,21.0,0.6444112752257074
aug_mnist,640,1.0,0.0,3.0,1.0,0.9687499999848632,0.6734374999894776,9709.405009031296,161.82341681718827,17.0,0.638148671378655
aug_mnist,80,2.0,0.0,3.0,1.0,0.9249999998843752,0.6999999999125001,1095.616287946701,18.260271465778352,9.0,0.6356498908202021
aug_mnist,80,2.0,0.0,3.0,2.0,0.9249999998843752,0.7749999999031251,1308.0668301582336,21.80111383597056,22.0,0.6457933848289057
aug_mnist,640,1.0,0.0,3.0,3.0,0.9609374999849852,0.6968749999891113,10478.243196725844,174.63738661209743,21.0,0.5940066957380942
aug_mnist,640,1.0,0.0,4.0,2.0,0.6999999999890625,0.6999999999890625,10449.78686785698,174.16311446428298,30.0,0.6625004446402984
aug_mnist,80,2.0,0.0,3.0,3.0,0.9624999998796876,0.7499999999062501,1498.4555571079254,24.97425928513209,9.0,0.5897303055979756
aug_mnist,640,1.0,0.0,4.0,3.0,0.7499999999882813,0.7499999999882813,10938.208754062653,182.3034792343776,12.0,0.6429577803511293
aug_mnist,80,2.0,0.0,4.0,1.0,0.7374999999078126,0.7374999999078126,1498.6382257938385,24.97730376323064,12.0,0.6577392356765641
aug_mnist,80,2.0,0.0,4.0,2.0,0.9374999998828126,0.9374999998828126,1997.370514631272,33.28950857718785,19.0,0.6470249777223522
aug_mnist,80,2.0,0.0,4.0,3.0,0.8874999998890626,0.8874999998890626,1687.2239031791687,28.12039838631948,12.0,0.633710033218325
aug_mnist,640,1.0,0.0,4.0,1.0,0.6859374999892822,0.6859374999892822,12342.586421251295,205.7097736875216,17.0,0.6566014706985877
aug_mnist,160,2.0,0.0,3.0,3.0,0.9812499999386718,0.7249999999546874,1862.2310991287231,31.03718498547872,22.0,0.5872107585897604
aug_mnist,160,2.0,0.0,3.0,2.0,0.8437499999472656,0.649999999959375,2174.0911717414856,36.234852862358096,7.0,0.6369503324825827
aug_mnist,160,2.0,0.0,3.0,1.0,0.9562499999402344,0.7124999999554688,2702.742128849029,45.04570214748382,7.0,0.6346480077108456
aug_mnist,160,2.0,0.0,4.0,2.0,0.8999999999437499,0.8999999999437499,2239.610869407654,37.326847823460895,18.0,0.641499978859862
aug_mnist,160,2.0,0.0,4.0,3.0,0.9062499999433592,0.9062499999433592,3501.443740129471,58.35739566882452,11.0,0.6271661513651828
aug_mnist,160,2.0,0.0,4.0,1.0,0.6749999999578125,0.6749999999578125,4190.784041643143,69.84640069405238,10.0,0.6564480471200742
aug_mnist,320,2.0,0.0,3.0,2.0,0.8749999999726562,0.6249999999804687,3536.004656076432,58.93341093460719,27.0,0.6392199653187314
aug_mnist,1280,1.0,0.0,3.0,2.0,0.951562499992566,0.6421874999949829,15482.264765024183,258.0377460837364,13.0,0.6351283985326738
aug_mnist,320,2.0,0.0,3.0,1.0,0.9656249999698242,0.6156249999807617,4475.118191242218,74.5853031873703,30.0,0.6393400823870184
aug_mnist,320,2.0,0.0,4.0,1.0,0.6656249999791992,0.6656249999791992,5221.313583135605,87.02189305226008,17.0,0.661116843202912
aug_mnist,320,2.0,0.0,3.0,3.0,0.981249999969336,0.6562499999794922,5283.009810686111,88.05016351143519,13.0,0.5970194858126038
aug_mnist,1280,1.0,0.0,3.0,3.0,0.9867187499922914,0.6867187499946351,18450.82139062881,307.51368984381355,7.0,0.5998406451893674
aug_mnist,320,2.0,0.0,4.0,2.0,0.8499999999734374,0.8499999999734374,6407.681020498276,106.79468367497128,15.0,0.6451601570643037
aug_mnist,640,2.0,0.0,3.0,1.0,0.9703124999848388,0.6624999999896485,7190.617023944855,119.84361706574758,15.0,0.6392039328713677
aug_mnist,320,2.0,0.0,4.0,3.0,0.6718749999790039,0.6718749999790039,7734.592256069183,128.90987093448638,15.0,0.6390267896452525
aug_mnist,640,2.0,0.0,3.0,2.0,0.9296874999854736,0.6499999999898437,8575.937145709991,142.9322857618332,21.0,0.635488179316128
aug_mnist,1280,1.0,0.0,4.0,2.0,0.8874999999930665,0.8874999999930665,23121.62705230713,385.3604508717855,21.0,0.659941198224634
aug_mnist,1280,1.0,0.0,4.0,1.0,0.7007812499945252,0.7007812499945252,23364.18199801445,389.4030333002409,13.0,0.6547352254339566
aug_mnist,640,2.0,0.0,3.0,3.0,0.9421874999852784,0.664062499989624,9205.047862291336,153.41746437152227,15.0,0.5978169649745992
aug_mnist,1280,1.0,0.0,3.0,1.0,0.9609374999924928,0.6781249999947022,24102.54251742363,401.7090419570605,7.0,0.640457045430902
aug_mnist,640,2.0,0.0,4.0,1.0,0.6734374999894776,0.6734374999894776,9434.873929977415,157.24789883295696,14.0,0.6562401020424348
aug_mnist,1280,1.0,0.0,4.0,3.0,0.8742187499931703,0.8742187499931703,25290.63073921204,421.5105123202006,13.0,0.6229022425364468
aug_mnist,640,2.0,0.0,4.0,2.0,0.8515624999866943,0.8515624999866943,13102.452931165695,218.37421551942825,36.0,0.6436901986498392
aug_mnist,640,2.0,0.0,4.0,3.0,0.7921874999876221,0.7921874999876221,13852.52231144905,230.87537185748417,15.0,0.62127566455824
aug_mnist,2560,1.0,0.0,3.0,1.0,0.9613453815212784,0.6867469879483598,30270.61179804802,504.5101966341337,22.0,0.639234560725576
aug_mnist,1280,2.0,0.0,3.0,1.0,0.982031249992328,0.6906249999946046,15826.732197999954,263.7788699666659,8.0,0.6402706038901853
aug_mnist,1280,2.0,0.0,3.0,2.0,0.9414062499926452,0.6484374999949342,20626.800990104675,343.78001650174457,14.0,0.636973456735403
aug_mnist,2560,1.0,0.0,3.0,3.0,0.9528112449751366,0.6867469879483598,39729.244894742966,662.1540815790494,16.0,0.5939647704339668
aug_mnist,20,3.0,0.0,3.0,1.0,0.949999999525,0.5999999997,278.9704518318176,4.649507530530294,7.0,0.6416101637254823
aug_mnist,1280,2.0,0.0,4.0,2.0,0.8999999999929689,0.8999999999929689,20525.153292894363,342.08588821490605,18.0,0.6430017244765592
aug_mnist,20,3.0,0.0,3.0,3.0,0.89999999955,0.5999999997,230.7292678356171,3.845487797260284,16.0,0.61638006537136
aug_mnist,20,3.0,0.0,3.0,2.0,0.6999999996499999,0.5999999997,287.08036398887634,4.784672733147939,12.0,0.6606386270796156
aug_mnist,20,3.0,0.0,4.0,1.0,0.549999999725,0.549999999725,341.76863074302673,5.6961438457171125,10.0,0.66513935115459
aug_mnist,20,3.0,0.0,4.0,2.0,0.649999999675,0.649999999675,440.5313928127289,7.342189880212148,20.0,0.6654533078919515
aug_mnist,20,3.0,0.0,4.0,3.0,0.749999999625,0.749999999625,489.7421340942383,8.162368901570638,28.0,0.6222827353942344
aug_mnist,2560,1.0,0.0,3.0,2.0,0.9352409638507267,0.6315261044145004,40993.66795301437,683.2277992169062,12.0,0.6338976162647281
aug_mnist,1280,2.0,0.0,3.0,3.0,0.98046874999234,0.7070312499944764,23260.84462380409,387.6807437300682,19.0,0.5962052959157141
aug_mnist,40,3.0,0.0,3.0,1.0,0.92499999976875,0.6499999998375,624.0618362426758,10.401030604044596,9.0,0.641923732001041
aug_mnist,1280,2.0,0.0,4.0,1.0,0.7007812499945252,0.7007812499945252,23406.76098012924,390.112683002154,15.0,0.6547043549963347
aug_mnist,40,3.0,0.0,3.0,2.0,0.52499999986875,0.62499999984375,626.3016591072083,10.438360985120138,18.0,0.6529401264942509
aug_mnist,40,3.0,0.0,3.0,3.0,0.97499999975625,0.77499999980625,896.5873384475708,14.943122307459513,9.0,0.6067032290968479
aug_mnist,40,3.0,0.0,4.0,1.0,0.72499999981875,0.72499999981875,923.6696743965148,15.394494573275248,18.0,0.6717445479144155
aug_mnist,40,3.0,0.0,4.0,2.0,0.899999999775,0.899999999775,986.4215292930604,16.440358821551005,15.0,0.6721862636316208
aug_mnist,40,3.0,0.0,4.0,3.0,0.899999999775,0.899999999775,1015.8602819442748,16.93100469907125,15.0,0.6406103025265388
aug_mnist,80,3.0,0.0,3.0,1.0,0.94999999988125,0.6999999999125001,1061.615782737732,17.693596378962198,6.0,0.6394639175330965
aug_mnist,80,3.0,0.0,3.0,3.0,0.974999999878125,0.7749999999031251,1538.4953322410583,25.641588870684306,8.0,0.5986142718043694
aug_mnist,2560,1.0,0.0,4.0,1.0,0.6902610441732417,0.6902610441732417,42705.69881439209,711.7616469065348,11.0,0.6539536678765501
aug_mnist,80,3.0,0.0,4.0,1.0,0.6999999999125001,0.6999999999125001,1380.4501373767853,23.00750228961309,13.0,0.6621430223352543
aug_mnist,80,3.0,0.0,3.0,2.0,0.7749999999031251,0.6124999999234375,1715.539309501648,28.592321825027465,17.0,0.6510931532761193
aug_mnist,80,3.0,0.0,4.0,3.0,0.7374999999078126,0.7374999999078126,1342.989912033081,22.38316520055135,17.0,0.6378941666282558
aug_mnist,80,3.0,0.0,4.0,2.0,0.9249999998843752,0.9249999998843752,1993.383093833924,33.22305156389872,17.0,0.6595478575597304
aug_mnist,160,3.0,0.0,3.0,2.0,0.918749999942578,0.6249999999609375,1784.791963815689,29.746532730261485,7.0,0.637889769037433
aug_mnist,160,3.0,0.0,3.0,3.0,0.9749999999390624,0.7249999999546874,2041.8573095798488,34.03095515966415,7.0,0.5930390429126116
aug_mnist,160,3.0,0.0,3.0,1.0,0.9624999999398436,0.6749999999578125,2304.4890832901,38.408151388168335,7.0,0.6383299815255798
aug_mnist,160,3.0,0.0,4.0,2.0,0.8937499999441406,0.8937499999441406,2655.08687376976,44.25144789616267,7.0,0.656449258286456
aug_mnist,160,3.0,0.0,4.0,1.0,0.6874999999570313,0.6874999999570313,3476.900219678879,57.94833699464798,21.0,0.6606699895445846
aug_mnist,160,3.0,0.0,4.0,3.0,0.9312499999417968,0.9312499999417968,3353.035067796707,55.88391779661178,17.0,0.6254560941066838
aug_mnist,320,3.0,0.0,3.0,1.0,0.9718749999696288,0.6343749999801758,3034.9053881168365,50.58175646861394,5.0,0.6387982290783576
aug_mnist,1280,2.0,0.0,4.0,3.0,0.8648437499932434,0.8648437499932434,29100.36723017693,485.0061205029488,18.0,0.6205296164702575
aug_mnist,320,3.0,0.0,3.0,2.0,0.918749999971289,0.609374999980957,3661.957761049271,61.032629350821175,5.0,0.6361417239705609
aug_mnist,2560,2.0,0.0,3.0,1.0,0.9723895582280504,0.6782128514022179,28363.4704682827,472.72450780471166,10.0,0.6401539581989077
aug_mnist,320,3.0,0.0,3.0,3.0,0.9687499999697264,0.7031249999780274,4718.178850650787,78.63631417751313,6.0,0.5966475909761897
aug_mnist,2560,2.0,0.0,3.0,2.0,0.9342369477864748,0.6300200803181224,29576.27151536941,492.9378585894903,17.0,0.6351093554471956
aug_mnist,320,3.0,0.0,4.0,1.0,0.6937499999783203,0.6937499999783203,5448.65638256073,90.8109397093455,20.0,0.6576220023426542
aug_mnist,2560,1.0,0.0,4.0,2.0,0.8584337349354497,0.8584337349354497,52585.106534957886,876.4184422492981,17.0,0.653488739726375
aug_mnist,320,3.0,0.0,4.0,2.0,0.8406249999737304,0.8406249999737304,6417.995114564896,106.96658524274828,13.0,0.6434220975436367
aug_mnist,2560,2.0,0.0,3.0,3.0,0.9708835341316724,0.6972891566230056,31320.97273182869,522.0162121971448,17.0,0.5946626192308085
aug_mnist,640,3.0,0.0,3.0,2.0,0.9343749999854004,0.6421874999899658,7059.7153079509735,117.66192179918288,6.0,0.6371199840207686
aug_mnist,320,3.0,0.0,4.0,3.0,0.8437499999736328,0.8437499999736328,8344.991130590439,139.08318550984066,20.0,0.6243086296124865
aug_mnist,640,3.0,0.0,3.0,1.0,0.9703124999848388,0.6656249999895996,8212.424969911575,136.87374949852625,28.0,0.6412497502465189
aug_mnist,640,3.0,0.0,3.0,3.0,0.9718749999848144,0.7499999999882813,9277.90584397316,154.63176406621932,6.0,0.5994997775460986
aug_mnist,2560,1.0,0.0,4.0,3.0,0.8448795180680478,0.8448795180680478,59594.81028318405,993.2468380530676,24.0,0.622543286082697
aug_mnist,640,3.0,0.0,4.0,1.0,0.6874999999892578,0.6874999999892578,10420.1245136261,173.6687418937683,26.0,0.6567868924038307
aug_mnist,5120,1.0,0.0,3.0,2.0,0.912148594372931,0.6184738955792246,61707.29492592812,1028.4549154321353,11.0,0.6341312807786001
aug_mnist,640,3.0,0.0,4.0,2.0,0.882812499986206,0.882812499986206,11893.308852910995,198.2218142151833,26.0,0.6444298475880068
aug_mnist,640,3.0,0.0,4.0,3.0,0.8687499999864258,0.8687499999864258,10689.624150276184,178.16040250460307,24.0,0.6345785879989653
aug_mnist,1280,3.0,0.0,3.0,1.0,0.9757812499923768,0.6867187499946351,14173.203337192535,236.2200556198756,14.0,0.638493102783937
aug_mnist,1280,3.0,0.0,3.0,2.0,0.9429687499926332,0.6382812499950135,14885.736436605452,248.0956072767576,14.0,0.6344030559013396
aug_mnist,2560,2.0,0.0,4.0,1.0,0.6767068273058399,0.6767068273058399,45400.51471114159,756.6752451856931,13.0,0.6554453712676194
aug_mnist,5120,1.0,0.0,3.0,1.0,0.9743975903565544,0.6882530120447378,69302.536703825,1155.0422783970832,20.0,0.6391611987339888
aug_mnist,1280,3.0,0.0,3.0,3.0,0.9789062499923524,0.7492187499941468,16362.76384305954,272.712730717659,12.0,0.594594039912347
aug_mnist,2560,2.0,0.0,4.0,3.0,0.8669678714815916,0.8669678714815916,47600.12176561356,793.335362760226,19.0,0.6266037791942916
aug_mnist,20,4.0,0.0,3.0,1.0,0.8499999995749999,0.5999999997,280.95188570022583,4.682531428337097,15.0,0.654008131296264
aug_mnist,20,4.0,0.0,3.0,2.0,0.6999999996499999,0.549999999725,275.7951183319092,4.59658530553182,9.0,0.6525391462162796
aug_mnist,20,4.0,0.0,3.0,3.0,0.7999999996,0.549999999725,280.13899660110474,4.668983276685079,19.0,0.6186205887681623
aug_mnist,20,4.0,0.0,4.0,1.0,0.5999999997,0.5999999997,344.79518818855286,5.746586469809214,11.0,0.6709885063392722
aug_mnist,20,4.0,0.0,4.0,2.0,0.549999999725,0.549999999725,359.8835430145264,5.998059050242106,28.0,0.6574178674510228
aug_mnist,20,4.0,0.0,4.0,3.0,0.749999999625,0.749999999625,318.7748649120331,5.312914415200551,13.0,0.6279064008434261
aug_mnist,40,4.0,0.0,3.0,1.0,0.92499999976875,0.67499999983125,400.789781332016,6.679829688866933,10.0,0.6429695235075468
aug_mnist,40,4.0,0.0,3.0,2.0,0.92499999976875,0.59999999985,431.5404546260834,7.192340910434723,6.0,0.6468513725570981
aug_mnist,40,4.0,0.0,3.0,3.0,0.99999999975,0.77499999980625,437.7823967933655,7.296373279889424,10.0,0.6016620554015903
aug_mnist,40,4.0,0.0,4.0,1.0,0.7499999998125,0.7499999998125,565.4771211147308,9.424618685245514,33.0,0.6678873948573278
aug_mnist,5120,1.0,0.0,3.0,3.0,0.9738955823244284,0.6947791164623757,75262.52812099457,1254.3754686832428,8.0,0.5991156297910434
aug_mnist,40,4.0,0.0,4.0,2.0,0.8249999997937499,0.8249999997937499,595.8788688182831,9.931314480304716,10.0,0.6715028397550292
aug_mnist,40,4.0,0.0,4.0,3.0,0.97499999975625,0.97499999975625,689.0386190414429,11.483976984024048,10.0,0.6291326783514755
aug_mnist,2560,2.0,0.0,4.0,2.0,0.8790160642526155,0.8790160642526155,53376.405133485794,889.6067522247632,26.0,0.642807919380538
aug_mnist,80,4.0,0.0,3.0,1.0,0.9624999998796876,0.6749999999156251,864.1227259635925,14.402045432726542,12.0,0.6337502371472674
aug_mnist,80,4.0,0.0,3.0,2.0,0.94999999988125,0.6624999999171876,1001.3686661720276,16.68947776953379,11.0,0.638564139524748
aug_mnist,80,4.0,0.0,3.0,3.0,0.9624999998796876,0.6999999999125001,1265.0259380340576,21.08376563390096,12.0,0.5905759864307327
aug_mnist,80,4.0,0.0,4.0,1.0,0.6874999999140625,0.6874999999140625,1145.475412607193,19.09125687678655,23.0,0.6546971940175891
aug_mnist,80,4.0,0.0,4.0,2.0,0.974999999878125,0.974999999878125,1240.4001533985138,20.67333588997523,11.0,0.6446501850276036
aug_mnist,1280,3.0,0.0,4.0,1.0,0.6984374999945435,0.6984374999945435,25338.16743016243,422.3027905027072,14.0,0.6544871735521685
aug_mnist,80,4.0,0.0,4.0,3.0,0.8124999998984376,0.8124999998984376,1661.0410149097445,27.68401691516241,11.0,0.6198442082822379
aug_mnist,160,4.0,0.0,3.0,1.0,0.9562499999402344,0.6874999999570313,2023.8324129581447,33.730540215969086,6.0,0.6397681331234667
aug_mnist,160,4.0,0.0,3.0,2.0,0.8874999999445312,0.6062499999621094,1757.5672345161438,29.29278724193573,12.0,0.6428968846396133
aug_mnist,1280,3.0,0.0,4.0,2.0,0.9007812499929628,0.9007812499929628,24720.63483428955,412.0105805714925,14.0,0.6432450801083857
aug_mnist,1280,3.0,0.0,4.0,3.0,0.8585937499932923,0.8585937499932923,25210.07913470268,420.167985578378,14.0,0.6324498611639204
aug_mnist,160,4.0,0.0,3.0,3.0,0.9687499999394532,0.7499999999531249,2373.929907083512,39.56549845139185,6.0,0.5965397888049175
aug_mnist,160,4.0,0.0,4.0,2.0,0.9062499999433592,0.9062499999433592,2515.3971614837646,41.92328602472941,17.0,0.6478856366467858
aug_mnist,160,4.0,0.0,4.0,3.0,0.9249999999421874,0.9249999999421874,2506.300922393799,41.771682039896646,13.0,0.6278994035328387
aug_mnist,160,4.0,0.0,4.0,1.0,0.6937499999566406,0.6937499999566406,3513.709128856659,58.56181881427765,17.0,0.6635399788203376
aug_mnist,320,4.0,0.0,3.0,1.0,0.9749999999695312,0.6249999999804687,4066.045117616653,67.76741862694422,14.0,0.6388707691231398
aug_mnist,320,4.0,0.0,3.0,2.0,0.9406249999706054,0.6968749999782227,4160.598413705826,69.3433068950971,16.0,0.6384432846108241
aug_mnist,320,4.0,0.0,3.0,3.0,0.9499999999703124,0.6687499999791016,4236.961260557175,70.61602100928624,16.0,0.5945460760407618
aug_mnist,5120,2.0,0.0,3.0,1.0,0.9764056224850582,0.6897590361411157,63519.234216213226,1058.6539036035538,16.0,0.6393067431437405
aug_mnist,320,4.0,0.0,4.0,2.0,0.8468749999735351,0.8468749999735351,5005.974194526672,83.43290324211121,16.0,0.6448735421694458
aug_mnist,320,4.0,0.0,4.0,1.0,0.6968749999782227,0.6968749999782227,5659.305389881134,94.3217564980189,16.0,0.6571825027260451
aug_mnist,320,4.0,0.0,4.0,3.0,0.8687499999728515,0.8687499999728515,5404.645416498184,90.07742360830306,16.0,0.6189197397038644
aug_mnist,2560,3.0,0.0,3.0,1.0,0.9759036144529324,0.6902610441732417,33390.42557311058,556.5070928851763,16.0,0.6398722469781677
aug_mnist,5120,2.0,0.0,3.0,2.0,0.922188755015451,0.6214859437719805,64958.70332503319,1082.6450554172195,15.0,0.6341747158753407
aug_mnist,5120,1.0,0.0,4.0,1.0,0.6601405622456821,0.6601405622456821,90387.51483750343,1506.4585806250573,14.0,0.6548053771244612
aug_mnist,2560,3.0,0.0,3.0,2.0,0.9246987951760808,0.754016064253243,35000.05909991264,583.3343183318774,27.0,0.6374462217067615
aug_mnist,2560,3.0,0.0,3.0,3.0,0.9748995983886802,0.748493975899857,33653.71900558472,560.8953167597452,11.0,0.5973231691098722
aug_mnist,640,4.0,0.0,3.0,3.0,0.9687499999848632,0.6999999999890625,8137.0951273441315,135.6182521224022,7.0,0.5987247973586944
aug_mnist,640,4.0,0.0,3.0,1.0,0.9671874999848876,0.6796874999893798,9375.702127933502,156.26170213222505,22.0,0.6390280747313787
aug_mnist,640,4.0,0.0,3.0,2.0,0.9109374999857666,0.6999999999890625,10173.87735581398,169.56462259689968,22.0,0.6387361526389455
aug_mnist,640,4.0,0.0,4.0,1.0,0.6796874999893798,0.6796874999893798,9275.03278684616,154.58387978076934,11.0,0.6579512518541528
aug_mnist,640,4.0,0.0,4.0,3.0,0.8609374999865479,0.8609374999865479,10298.204146146774,171.6367357691129,11.0,0.6177025490902706
aug_mnist,640,4.0,0.0,4.0,2.0,0.8812499999862304,0.8812499999862304,10634.105414152144,177.23509023586908,11.0,0.6439531880516525
aug_mnist,2560,3.0,0.0,4.0,1.0,0.6837349397556037,0.6837349397556037,42147.880043029785,702.4646673838298,19.0,0.6557791805241717
aug_mnist,1280,4.0,0.0,3.0,1.0,0.9796874999923464,0.6859374999946412,15336.073455810549,255.60122426350912,16.0,0.6399950319478581
aug_mnist,2560,3.0,0.0,4.0,2.0,0.8875502007987573,0.8875502007987573,42078.23420572281,701.3039034287135,27.0,0.6428292632077856
aug_mnist,5120,1.0,0.0,4.0,2.0,0.8147590361404882,0.8147590361404882,103647.15784955025,1727.4526308258376,16.0,0.6534708386646859
aug_mnist,1280,4.0,0.0,3.0,3.0,0.967968749992438,0.6914062499945984,13931.567679643633,232.1927946607272,10.0,0.5977883380604772
aug_mnist,5120,2.0,0.0,3.0,3.0,0.9748995983886802,0.668674698791824,77743.80800151825,1295.7301333586374,23.0,0.594470614193709
aug_mnist,1280,4.0,0.0,3.0,2.0,0.9539062499925476,0.6554687499948793,16697.58847427368,278.2931412378947,17.0,0.6362487316081886
aug_mnist,20,5.0,0.0,3.0,1.0,0.89999999955,0.49999999975,282.5642547607422,4.70940424601237,12.0,0.643977794325228
aug_mnist,20,5.0,0.0,3.0,2.0,0.6999999996499999,0.649999999675,342.07380747795105,5.701230124632517,19.0,0.6634132256767087
aug_mnist,20,5.0,0.0,3.0,3.0,0.8499999995749999,0.5999999997,286.9352514743805,4.782254191239675,19.0,0.6070815581028122
aug_mnist,20,5.0,0.0,4.0,1.0,0.549999999725,0.549999999725,338.5207245349884,5.64201207558314,20.0,0.673495475313086
aug_mnist,20,5.0,0.0,4.0,2.0,0.749999999625,0.749999999625,339.0437545776367,5.650729242960612,12.0,0.6621860226658094
aug_mnist,20,5.0,0.0,4.0,3.0,0.6999999996499999,0.6999999996499999,351.50032806396484,5.858338801066081,18.0,0.634438837747451
aug_mnist,40,5.0,0.0,3.0,1.0,0.92499999976875,0.59999999985,498.6491982936859,8.310819971561433,12.0,0.6493831561372453
aug_mnist,40,5.0,0.0,3.0,2.0,0.97499999975625,0.62499999984375,500.42200469970703,8.340366744995118,5.0,0.6475533555319288
aug_mnist,40,5.0,0.0,3.0,3.0,0.99999999975,0.6999999998249999,502.91694736480713,8.381949122746786,12.0,0.6198242534637611
aug_mnist,40,5.0,0.0,4.0,1.0,0.72499999981875,0.72499999981875,640.840781211853,10.680679686864217,5.0,0.6781636737081751
aug_mnist,40,5.0,0.0,4.0,2.0,0.8249999997937499,0.8249999997937499,676.5906991958618,11.276511653264365,5.0,0.6711039684525242
aug_mnist,40,5.0,0.0,4.0,3.0,0.7499999998125,0.7499999998125,769.8023884296417,12.830039807160697,30.0,0.6478296761085275
aug_mnist,80,5.0,0.0,3.0,1.0,0.9249999998843752,0.6999999999125001,1025.9261198043823,17.09876866340637,9.0,0.6395864092504199
aug_mnist,5120,1.0,0.0,4.0,3.0,0.8237951807187561,0.8237951807187561,111196.714376688,1853.2785729448,26.0,0.6230215400445214
aug_mnist,1280,4.0,0.0,4.0,1.0,0.7062499999944825,0.7062499999944825,22145.47093129158,369.091182188193,11.0,0.6557417285391123
aug_mnist,80,5.0,0.0,3.0,2.0,0.7999999999,0.6749999999156251,1042.1761846542358,17.3696030775706,9.0,0.6491173135422887
aug_mnist,80,5.0,0.0,4.0,1.0,0.6874999999140625,0.6874999999140625,1052.7278685569763,17.545464475949604,28.0,0.6639712499742242
aug_mnist,80,5.0,0.0,3.0,3.0,0.9624999998796876,0.7124999999109376,1735.68128824234,28.92802147070567,18.0,0.6100502096844097
aug_mnist,1280,4.0,0.0,4.0,3.0,0.9249999999927736,0.9249999999927736,21419.83867621421,356.997311270237,10.0,0.6175542515468035
aug_mnist,5120,2.0,0.0,4.0,1.0,0.6536144578280442,0.6536144578280442,87150.7535059452,1452.51255843242,13.0,0.6551193130003532
aug_mnist,80,5.0,0.0,4.0,2.0,0.8249999998968751,0.8249999998968751,1380.213177204132,23.003552953402203,8.0,0.6481632422590675
aug_mnist,80,5.0,0.0,4.0,3.0,0.874999999890625,0.874999999890625,1192.9813854694366,19.88302309115728,17.0,0.6367208396592559
aug_mnist,160,5.0,0.0,3.0,2.0,0.9249999999421874,0.6312499999605469,1639.7678351402285,27.329463919003803,10.0,0.6421631347731734
aug_mnist,160,5.0,0.0,3.0,3.0,0.9624999999398436,0.7312499999542968,1882.5592687129968,31.37598781188329,10.0,0.5954955482110724
aug_mnist,160,5.0,0.0,3.0,1.0,0.9562499999402344,0.6937499999566406,2185.2945120334625,36.42157520055771,10.0,0.6363148122628196
aug_mnist,160,5.0,0.0,4.0,1.0,0.6874999999570313,0.6874999999570313,2429.6021721363068,40.49336953560511,15.0,0.6576573949641225
aug_mnist,160,5.0,0.0,4.0,2.0,0.9062499999433592,0.9062499999433592,2280.9001545906067,38.01500257651011,15.0,0.6427884441212408
aug_mnist,5120,2.0,0.0,4.0,2.0,0.8589357429675757,0.8589357429675757,88232.69784617424,1470.544964102904,26.0,0.6415686351048338
aug_mnist,160,5.0,0.0,4.0,3.0,0.9249999999421874,0.9249999999421874,2487.3896305561066,41.45649384260177,13.0,0.6235041606036549
aug_mnist,320,5.0,0.0,3.0,1.0,0.9687499999697264,0.6343749999801758,3933.089419364929,65.55149032274882,5.0,0.6415986186065445
aug_mnist,320,5.0,0.0,3.0,2.0,0.918749999971289,0.6062499999810547,4294.478129148483,71.57463548580806,17.0,0.6374711626568902
aug_mnist,2560,4.0,0.0,3.0,1.0,0.9593373493927744,0.6837349397556037,28329.746684789658,472.1624447464943,12.0,0.6406496441339262
aug_mnist,320,5.0,0.0,3.0,3.0,0.9749999999695312,0.6562499999794922,4760.954603433609,79.34924339056015,12.0,0.6037490224649587
aug_mnist,320,5.0,0.0,4.0,1.0,0.6749999999789063,0.6749999999789063,4376.240649700165,72.93734416166942,12.0,0.6608211374076332
aug_mnist,5120,3.0,0.0,3.0,1.0,0.9748995983886802,0.6827309236913518,60913.38727116585,1015.2231211860976,10.0,0.6388560485827366
aug_mnist,320,5.0,0.0,4.0,2.0,0.8499999999734374,0.8499999999734374,4501.100279331207,75.01833798885346,20.0,0.6458085542715437
aug_mnist,2560,3.0,0.0,4.0,3.0,0.8072289156585983,0.8072289156585983,62212.03037047386,1036.867172841231,14.0,0.6324763852333158
aug_mnist,320,5.0,0.0,4.0,3.0,0.8874999999722656,0.8874999999722656,5319.413548946381,88.65689248243967,12.0,0.631765169481562
aug_mnist,1280,4.0,0.0,4.0,2.0,0.8890624999930543,0.8890624999930543,31741.34601354599,529.0224335590998,11.0,0.6435105615803989
aug_mnist,2560,4.0,0.0,3.0,2.0,0.9372489959792308,0.6370481927678864,32636.18874502182,543.936479083697,32.0,0.634770307538414
aug_mnist,640,5.0,0.0,3.0,2.0,0.9312499999854492,0.6515624999898193,7546.460266113281,125.77433776855467,21.0,0.6357382869621124
aug_mnist,640,5.0,0.0,3.0,1.0,0.9749999999847656,0.6749999999894531,8140.722247600555,135.6787041266759,14.0,0.6393402176995516
aug_mnist,640,5.0,0.0,3.0,3.0,0.9640624999849364,0.6890624999892334,7218.020033836365,120.30033389727276,21.0,0.5939178830292409
aug_mnist,2560,4.0,0.0,3.0,3.0,0.9723895582280504,0.6972891566230056,36857.0139541626,614.2835659027099,21.0,0.5945890682912489
aug_mnist,5120,3.0,0.0,3.0,3.0,0.9297188754973408,0.7038152610406435,66351.45777654648,1105.857629609108,23.0,0.6241600376355378
aug_mnist,640,5.0,0.0,4.0,2.0,0.9187499999856444,0.9187499999856444,10606.87218427658,176.78120307127634,14.0,0.643409750451525
aug_mnist,640,5.0,0.0,4.0,1.0,0.6749999999894531,0.6749999999894531,11143.855388879776,185.73092314799624,10.0,0.656585235585444
aug_mnist,640,5.0,0.0,4.0,3.0,0.7671874999880127,0.7671874999880127,12630.827414035795,210.51379023393,23.0,0.6349782180686918
aug_mnist,5120,3.0,0.0,3.0,2.0,0.9407630522041128,0.7314257028075732,70874.66392111778,1181.2443986852963,23.0,0.6358054447161654
aug_mnist,1280,5.0,0.0,3.0,1.0,0.9640624999924684,0.6773437499947083,13035.646587848663,217.2607764641444,13.0,0.6411217319915277
aug_mnist,2560,4.0,0.0,4.0,1.0,0.6917670682696196,0.6917670682696196,40262.61739063263,671.0436231772105,15.0,0.6549263232920812
aug_mnist,1280,5.0,0.0,3.0,2.0,0.950781249992572,0.6484374999949342,15829.229259252548,263.8204876542092,17.0,0.6357106935928271
aug_mnist,1280,5.0,0.0,3.0,3.0,0.9898437499922668,0.6585937499948548,15699.594653129578,261.65991088549293,17.0,0.5978281772089983
aug_mnist,2560,4.0,0.0,4.0,2.0,0.9066265060195452,0.9066265060195452,44224.33764004707,737.0722940007846,10.0,0.6427705955480263
aug_mnist,20,6.0,0.0,3.0,1.0,0.949999999525,0.549999999725,194.5508508682251,3.242514181137085,8.0,0.6371032050046677
aug_mnist,20,6.0,0.0,3.0,2.0,0.7999999996,0.49999999975,198.14186334609985,3.302364389101664,11.0,0.643170807934087
aug_mnist,20,6.0,0.0,3.0,3.0,0.7999999996,0.5999999997,198.8324329853058,3.3138738830884296,20.0,0.5950487092142326
aug_mnist,20,6.0,0.0,4.0,1.0,0.549999999725,0.549999999725,263.385457277298,4.389757621288299,11.0,0.6724008184289629
aug_mnist,20,6.0,0.0,4.0,2.0,0.6999999996499999,0.6999999996499999,287.3884754180908,4.789807923634847,28.0,0.664743867780192
aug_mnist,20,6.0,0.0,4.0,3.0,0.649999999675,0.649999999675,475.2110741138458,7.920184568564097,31.0,0.6419822296270526
aug_mnist,1280,5.0,0.0,4.0,1.0,0.7015624999945191,0.7015624999945191,18842.235948562626,314.03726580937706,9.0,0.656092241401315
aug_mnist,40,6.0,0.0,3.0,1.0,0.97499999975625,0.67499999983125,502.2729048728943,8.371215081214904,10.0,0.6338370899761614
aug_mnist,40,6.0,0.0,3.0,2.0,0.72499999981875,0.59999999985,408.4532220363617,6.807553700606028,9.0,0.6468225340418237
aug_mnist,40,6.0,0.0,3.0,3.0,0.97499999975625,0.67499999983125,394.2991154193878,6.571651923656464,10.0,0.5920203034589819
aug_mnist,40,6.0,0.0,4.0,1.0,0.6499999998375,0.6499999998375,536.8582406044006,8.947637343406678,4.0,0.6733860342011221
aug_mnist,40,6.0,0.0,4.0,2.0,0.62499999984375,0.62499999984375,723.5998420715332,12.059997367858887,16.0,0.6745152531368064
aug_mnist,40,6.0,0.0,4.0,3.0,0.9499999997625,0.9499999997625,605.9283845424652,10.098806409041089,17.0,0.6335408894623956
aug_mnist,80,6.0,0.0,3.0,1.0,0.9374999998828126,0.6999999999125001,1039.572383403778,17.326206390062968,7.0,0.637489587584918
aug_mnist,80,6.0,0.0,3.0,2.0,0.8999999998875001,0.7624999999046875,807.0799548625946,13.451332581043244,9.0,0.6411323439273505
aug_mnist,2560,4.0,0.0,4.0,3.0,0.9021084337304112,0.9021084337304112,49017.98403215408,816.9664005359014,15.0,0.6171907323574752
aug_mnist,80,6.0,0.0,3.0,3.0,0.9624999998796876,0.7499999999062501,1120.311761379242,18.67186268965403,14.0,0.6093439530564615
aug_mnist,80,6.0,0.0,4.0,1.0,0.7374999999078126,0.7374999999078126,1435.8333427906036,23.930555713176727,21.0,0.6621815799839081
aug_mnist,80,6.0,0.0,4.0,2.0,0.974999999878125,0.974999999878125,1110.7821712493896,18.513036187489828,21.0,0.6450824671177366
aug_mnist,1280,5.0,0.0,4.0,2.0,0.905468749992926,0.905468749992926,21871.280191659927,364.5213365276655,15.0,0.642666400069938
aug_mnist,80,6.0,0.0,4.0,3.0,0.8624999998921876,0.8624999998921876,1489.0303330421448,24.81717221736908,14.0,0.6224400394376904
aug_mnist,160,6.0,0.0,3.0,2.0,0.918749999942578,0.5749999999640625,1759.4941132068634,29.324901886781056,8.0,0.6384977620441011
aug_mnist,160,6.0,0.0,3.0,1.0,0.9562499999402344,0.6874999999570313,2112.3132905960083,35.20522150993347,14.0,0.6394583171206403
aug_mnist,160,6.0,0.0,3.0,3.0,0.9749999999390624,0.7124999999554688,2209.778969764709,36.82964949607849,14.0,0.5980481868608536
aug_mnist,160,6.0,0.0,4.0,1.0,0.6749999999578125,0.6749999999578125,2397.899620532989,39.96499367554983,22.0,0.6613322382752026
aug_mnist,160,6.0,0.0,4.0,2.0,0.9062499999433592,0.9062499999433592,2565.527291059494,42.7587881843249,22.0,0.6441500925615167
aug_mnist,160,6.0,0.0,4.0,3.0,0.9124999999429688,0.9124999999429688,2948.8854377269745,49.14809062878291,15.0,0.6220044958202708
aug_mnist,320,6.0,0.0,3.0,2.0,0.8531249999733398,0.6062499999810547,3613.228549003601,60.22047581672668,12.0,0.6410249829091976
aug_mnist,5120,3.0,0.0,4.0,2.0,0.8579317269033236,0.8579317269033236,87414.48513889313,1456.9080856482187,14.0,0.6415178340660916
aug_mnist,320,6.0,0.0,3.0,1.0,0.962499999969922,0.6343749999801758,4591.131957292557,76.51886595487595,7.0,0.6397833454408985
aug_mnist,320,6.0,0.0,3.0,3.0,0.9749999999695312,0.6624999999792969,3299.9248492717743,54.99874748786291,7.0,0.5969189470819856
aug_mnist,1280,5.0,0.0,4.0,3.0,0.875781249993158,0.875781249993158,27572.094987154007,459.5349164525668,27.0,0.6237350553225427
aug_mnist,5120,2.0,0.0,4.0,3.0,0.8544176706784418,0.8544176706784418,121993.2492492199,2033.220820820332,26.0,0.6265131539094132
aug_mnist,320,6.0,0.0,4.0,1.0,0.6874999999785156,0.6874999999785156,5276.873636007309,87.94789393345515,21.0,0.6592576163801168
aug_mnist,2560,5.0,0.0,3.0,1.0,0.9487951807181286,0.6852409638519817,30100.025047779083,501.6670841296514,6.0,0.6400375002597604
aug_mnist,2560,5.0,0.0,3.0,2.0,0.9367469879471048,0.6385542168642643,30731.84386086464,512.1973976810773,12.0,0.6351629006837829
aug_mnist,320,6.0,0.0,4.0,2.0,0.8749999999726562,0.8749999999726562,4987.036873579025,83.11728122631709,21.0,0.6443701129950383
aug_mnist,320,6.0,0.0,4.0,3.0,0.8531249999733398,0.8531249999733398,4755.256691455841,79.25427819093069,7.0,0.6200571554705447
aug_mnist,5120,4.0,0.0,3.0,3.0,0.9477911646538766,0.6752008032094619,57616.77277612686,960.279546268781,22.0,0.5962891644227779
aug_mnist,5120,4.0,0.0,3.0,1.0,0.9678714859389164,0.6752008032094619,59685.14857339859,994.7524762233098,14.0,0.6394843590247061
aug_mnist,5120,3.0,0.0,4.0,1.0,0.66415662650269,0.66415662650269,96102.55527710916,1601.7092546184858,20.0,0.6550143212067209
aug_mnist,640,6.0,0.0,3.0,2.0,0.9312499999854492,0.7218749999887207,7061.130716085434,117.68551193475724,20.0,0.6389852756161984
aug_mnist,640,6.0,0.0,3.0,1.0,0.9687499999848632,0.682812499989331,7444.274191617966,124.07123652696608,13.0,0.6391537117858201
aug_mnist,2560,5.0,0.0,3.0,3.0,0.9733935742923024,0.6731927710809579,32133.959486722943,535.5659914453825,20.0,0.5922620677924864
aug_mnist,640,6.0,0.0,3.0,3.0,0.9718749999848144,0.6703124999895264,9889.242824792862,164.8207137465477,20.0,0.5960672271158542
aug_mnist,5120,4.0,0.0,3.0,2.0,0.9236947791118288,0.6204819277077286,64626.24351096153,1077.1040585160256,14.0,0.6340805214631094
aug_mnist,640,6.0,0.0,4.0,1.0,0.6624999999896485,0.6624999999896485,11541.036860227585,192.3506143371264,20.0,0.6565502792494231
aug_mnist,640,6.0,0.0,4.0,3.0,0.8624999999865234,0.8624999999865234,10443.956864356996,174.06594773928325,20.0,0.6176315128706749
aug_mnist,640,6.0,0.0,4.0,2.0,0.8874999999861328,0.8874999999861328,12897.195069789886,214.9532511631648,8.0,0.6443877714771675
aug_mnist,1280,6.0,0.0,3.0,2.0,0.9484374999925904,0.6437499999949707,13256.323119878767,220.93871866464616,17.0,0.6371249806831176
aug_mnist,1280,6.0,0.0,3.0,1.0,0.982812499992322,0.6882812499946228,13389.756994485855,223.16261657476423,18.0,0.6404411160895858
aug_mnist,1280,6.0,0.0,3.0,3.0,0.989062499992273,0.6632812499948182,13337.580645799637,222.2930107633273,8.0,0.5950641125394109
aug_mnist,2560,5.0,0.0,4.0,2.0,0.9066265060195452,0.9066265060195452,42759.13571834564,712.6522619724274,21.0,0.642570611832016
aug_mnist,2560,5.0,0.0,4.0,1.0,0.6802208835307219,0.6802208835307219,42977.91624832153,716.2986041386922,14.0,0.6541842573855596
aug_mnist,20,7.0,0.0,3.0,1.0,0.949999999525,0.5999999997,228.8211231231689,3.813685385386149,11.0,0.6467599639042965
aug_mnist,20,7.0,0.0,3.0,2.0,0.7999999996,0.5999999997,232.90617752075195,3.881769625345866,11.0,0.6482025602199127
aug_mnist,20,7.0,0.0,3.0,3.0,0.7999999996,0.549999999725,231.2259078025818,3.85376513004303,11.0,0.6054669403982744
aug_mnist,20,7.0,0.0,4.0,1.0,0.549999999725,0.549999999725,297.82966232299805,4.9638277053833,4.0,0.67157309140959
aug_mnist,20,7.0,0.0,4.0,2.0,0.49999999975,0.49999999975,315.455447435379,5.25759079058965,4.0,0.6749519541465099
aug_mnist,1280,6.0,0.0,4.0,1.0,0.7070312499944764,0.7070312499944764,16840.28075861931,280.67134597698845,18.0,0.656774815911884
aug_mnist,20,7.0,0.0,4.0,3.0,0.749999999625,0.749999999625,329.57130122184753,5.492855020364126,10.0,0.6297046688030752
aug_mnist,40,7.0,0.0,3.0,1.0,0.9499999997625,0.6999999998249999,381.52570271492,6.358761711915334,7.0,0.641672681409635
aug_mnist,5120,3.0,0.0,4.0,3.0,0.7394578313215892,0.7394578313215892,110352.47055768968,1839.2078426281607,26.0,0.631562874911982
aug_mnist,40,7.0,0.0,3.0,2.0,0.6999999998249999,0.59999999985,461.4407646656037,7.690679411093394,15.0,0.6572924558665225
aug_mnist,40,7.0,0.0,3.0,3.0,0.97499999975625,0.72499999981875,387.5533936023712,6.459223226706187,15.0,0.6079520626336374
aug_mnist,40,7.0,0.0,4.0,2.0,0.7999999998,0.7999999998,616.2408816814423,10.27068136135737,15.0,0.6768648020721092
aug_mnist,40,7.0,0.0,4.0,1.0,0.6999999998249999,0.6999999998249999,661.7722234725952,11.029537057876588,15.0,0.6735830847725145
aug_mnist,40,7.0,0.0,4.0,3.0,0.899999999775,0.899999999775,570.6194727420807,9.510324545701344,33.0,0.6430487577499663
aug_mnist,2560,5.0,0.0,4.0,3.0,0.8790160642526155,0.8790160642526155,45978.31515526772,766.3052525877953,12.0,0.6332641994928419
aug_mnist,80,7.0,0.0,3.0,3.0,0.9624999998796876,0.724999999909375,778.7449388504028,12.97908231417338,26.0,0.6081578915551067
aug_mnist,80,7.0,0.0,3.0,1.0,0.9374999998828126,0.7124999999109376,918.1957824230194,15.303263040383657,10.0,0.6435447280794614
aug_mnist,80,7.0,0.0,3.0,2.0,0.5874999999265625,0.624999999921875,951.3814749717712,15.856357916196188,10.0,0.654707227267443
aug_mnist,80,7.0,0.0,4.0,1.0,0.6749999999156251,0.6749999999156251,1203.8549721240995,20.06424953540166,10.0,0.6612755935557608
aug_mnist,80,7.0,0.0,4.0,2.0,0.874999999890625,0.874999999890625,1084.0821030139923,18.06803505023321,27.0,0.6571598278654716
aug_mnist,80,7.0,0.0,4.0,3.0,0.8124999998984376,0.8124999998984376,1320.7257177829742,22.012095296382903,10.0,0.6260300426892711
aug_mnist,1280,6.0,0.0,4.0,2.0,0.8976562499929871,0.8976562499929871,20047.785315275192,334.12975525458654,18.0,0.6436137729832913
aug_mnist,160,7.0,0.0,3.0,1.0,0.949999999940625,0.6749999999578125,1815.7421474456787,30.262369124094644,13.0,0.6439310997322076
aug_mnist,160,7.0,0.0,3.0,3.0,0.9687499999394532,0.7062499999558594,1578.692296743393,26.31153827905655,13.0,0.6063750773289305
aug_mnist,160,7.0,0.0,3.0,2.0,0.9437499999410156,0.6249999999609375,1825.0030381679533,30.416717302799224,13.0,0.6395312773781658
aug_mnist,1280,6.0,0.0,4.0,3.0,0.9249999999927736,0.9249999999927736,20854.96861934662,347.58281032244366,26.0,0.6183649653148027
aug_mnist,160,7.0,0.0,4.0,1.0,0.6749999999578125,0.6749999999578125,2413.2862010002136,40.2214366833369,27.0,0.6631856959643722
aug_mnist,160,7.0,0.0,4.0,2.0,0.6187499999613281,0.6187499999613281,2222.056990146637,37.034283169110616,8.0,0.6652578991235749
aug_mnist,160,7.0,0.0,4.0,3.0,0.8437499999472656,0.8437499999472656,2435.8182516098022,40.596970860163374,16.0,0.6456376093222499
aug_mnist,320,7.0,0.0,3.0,1.0,0.9531249999702148,0.6406249999799805,3060.9100575447083,51.015167625745136,19.0,0.6417471670903885
aug_mnist,320,7.0,0.0,3.0,2.0,0.918749999971289,0.609374999980957,3369.5909152030945,56.15984858671824,9.0,0.6361316895286133
aug_mnist,320,7.0,0.0,3.0,3.0,0.9749999999695312,0.690624999978418,3243.4862761497498,54.05810460249583,19.0,0.5992177104762696
aug_mnist,320,7.0,0.0,4.0,1.0,0.6718749999790039,0.6718749999790039,4673.41574215889,77.89026236931483,11.0,0.659800446012859
aug_mnist,320,7.0,0.0,4.0,2.0,0.8374999999738281,0.8374999999738281,4390.071258068085,73.16785430113474,21.0,0.6447359007395489
aug_mnist,2560,6.0,0.0,3.0,1.0,0.9789156626456882,0.6937751003981236,26624.358804941177,443.7393134156863,12.0,0.6397980028365892
aug_mnist,320,7.0,0.0,4.0,3.0,0.8468749999735351,0.8468749999735351,5399.834265708923,89.99723776181538,9.0,0.6254923856062925
aug_mnist,640,7.0,0.0,3.0,1.0,0.9671874999848876,0.6765624999894287,6124.491710662842,102.07486184438068,23.0,0.6400077897210256
aug_mnist,2560,6.0,0.0,3.0,3.0,0.986445783127578,0.6822289156592258,27584.94842982292,459.7491404970487,15.0,0.5971846157289066
aug_mnist,5120,4.0,0.0,4.0,2.0,0.8845381526060013,0.8845381526060013,88176.75918602943,1469.612653100491,12.0,0.6417939966904503
aug_mnist,640,7.0,0.0,3.0,2.0,0.8921874999860595,0.62656249999021,6713.898643732071,111.89831072886786,23.0,0.6361169248719959
aug_mnist,5120,4.0,0.0,4.0,1.0,0.6636546184705641,0.6636546184705641,89434.86697483063,1490.581116247177,14.0,0.6551902371632178
aug_mnist,640,7.0,0.0,3.0,3.0,0.9781249999847168,0.6781249999894043,6212.134016275406,103.53556693792343,18.0,0.6005941700841522
aug_mnist,5120,5.0,0.0,3.0,1.0,0.9558232931678924,0.6842369477877298,58674.82880592346,977.9138134320576,19.0,0.6389529746758379
aug_mnist,2560,6.0,0.0,3.0,2.0,0.9357429718828528,0.6350401606393824,31235.43496322632,520.5905827204386,12.0,0.6340509563659696
aug_mnist,640,7.0,0.0,4.0,1.0,0.6796874999893798,0.6796874999893798,9481.02544927597,158.01709082126618,12.0,0.6578096240656113
aug_mnist,640,7.0,0.0,4.0,2.0,0.8109374999873291,0.8109374999873291,9771.857110977173,162.86428518295287,23.0,0.6448629605669353
aug_mnist,640,7.0,0.0,4.0,3.0,0.8499999999867187,0.8499999999867187,9494.753922700882,158.24589871168138,21.0,0.6241788774631247
aug_mnist,5120,5.0,0.0,3.0,3.0,0.9688755020031684,0.6480923694746582,64309.03786325455,1071.8172977209092,19.0,0.5909326118219278
aug_mnist,5120,4.0,0.0,4.0,3.0,0.8860441767023793,0.8860441767023793,96241.0652360916,1604.01775393486,21.0,0.6169256168591848
aug_mnist,1280,7.0,0.0,3.0,1.0,0.967187499992444,0.6749999999947266,12326.050424814224,205.43417374690367,17.0,0.6401633155295905
aug_mnist,1280,7.0,0.0,3.0,2.0,0.9499999999925782,0.6507812499949158,11921.343411445618,198.6890568574269,12.0,0.636202600593365
aug_mnist,1280,7.0,0.0,3.0,3.0,0.9851562499923036,0.6859374999946412,12217.357893705368,203.62263156175607,17.0,0.5993001931858927
aug_mnist,5120,5.0,0.0,3.0,2.0,0.9252008032082067,0.6184738955792246,71005.06153702736,1183.4176922837894,12.0,0.6333650875079182
aug_mnist,2560,6.0,0.0,4.0,1.0,0.6752008032094619,0.6752008032094619,41808.89244365692,696.8148740609487,15.0,0.6547825294707471
aug_mnist,1280,7.0,0.0,4.0,1.0,0.7070312499944764,0.7070312499944764,15884.274781942368,264.7379130323728,12.0,0.6537042969414186
aug_mnist,20,8.0,0.0,3.0,1.0,0.89999999955,0.5999999997,199.7539982795716,3.329233304659525,12.0,0.6476302429775764
aug_mnist,20,8.0,0.0,3.0,2.0,0.7999999996,0.649999999675,173.245995759964,2.8874332626660664,8.0,0.6623639335896783
aug_mnist,20,8.0,0.0,3.0,3.0,0.8499999995749999,0.549999999725,196.9824154376984,3.2830402572949726,18.0,0.6127301728642014
aug_mnist,20,8.0,0.0,4.0,1.0,0.549999999725,0.549999999725,234.31262874603271,3.905210479100545,10.0,0.6728607549879333
aug_mnist,2560,6.0,0.0,4.0,2.0,0.9081325301159232,0.9081325301159232,41570.06719779968,692.8344532966614,15.0,0.6423750597213449
aug_mnist,20,8.0,0.0,4.0,2.0,0.6999999996499999,0.6999999996499999,258.1124403476715,4.3018740057945255,26.0,0.659130196241785
aug_mnist,20,8.0,0.0,4.0,3.0,0.6999999996499999,0.6999999996499999,260.5591175556183,4.342651959260305,13.0,0.6610470643314561
aug_mnist,40,8.0,0.0,3.0,2.0,0.7999999998,0.6499999998375,361.957487821579,6.032624797026316,18.0,0.6540108541999388
aug_mnist,40,8.0,0.0,3.0,1.0,0.97499999975625,0.6999999998249999,464.6277132034302,7.743795220057169,18.0,0.6388070522141843
aug_mnist,40,8.0,0.0,3.0,3.0,0.99999999975,0.6999999998249999,349.7975130081177,5.829958550135294,18.0,0.6021741263553081
aug_mnist,40,8.0,0.0,4.0,1.0,0.6999999998249999,0.6999999998249999,491.48222827911377,8.191370471318562,9.0,0.6737083391651072
aug_mnist,40,8.0,0.0,4.0,2.0,0.72499999981875,0.72499999981875,614.2526140213013,10.237543567021689,22.0,0.6672911731720672
aug_mnist,40,8.0,0.0,4.0,3.0,0.87499999978125,0.87499999978125,520.4559555053711,8.674265925089518,26.0,0.6459234951311827
aug_mnist,80,8.0,0.0,3.0,1.0,0.9624999998796876,0.6999999999125001,750.004312992096,12.5000718832016,9.0,0.6353183703820492
aug_mnist,80,8.0,0.0,3.0,3.0,0.94999999988125,0.7499999999062501,702.1106865406036,11.701844775676728,17.0,0.5904524838186342
aug_mnist,80,8.0,0.0,3.0,2.0,0.64999999991875,0.6874999999140625,915.3828237056732,15.256380395094554,16.0,0.645921452560747
aug_mnist,2560,6.0,0.0,4.0,3.0,0.8433734939716698,0.8433734939716698,41980.08533644676,699.6680889407794,15.0,0.6197006046747796
aug_mnist,1280,7.0,0.0,4.0,3.0,0.9171874999928346,0.9171874999928346,18227.946108341217,303.799101805687,29.0,0.6163335698794852
aug_mnist,1280,7.0,0.0,4.0,2.0,0.905468749992926,0.905468749992926,18461.172693252563,307.68621155420936,18.0,0.6425805026242599
aug_mnist,80,8.0,0.0,4.0,1.0,0.6749999999156251,0.6749999999156251,1012.3651688098907,16.872752813498177,20.0,0.6562067251577279
aug_mnist,80,8.0,0.0,4.0,2.0,0.94999999988125,0.94999999988125,984.4570665359496,16.40761777559916,10.0,0.64592501930269
aug_mnist,80,8.0,0.0,4.0,3.0,0.7874999999015626,0.7874999999015626,1346.4556567668917,22.440927612781525,11.0,0.618960890096542
aug_mnist,160,8.0,0.0,3.0,2.0,0.8812499999449218,0.768749999951953,1399.7843222618103,23.329738704363503,11.0,0.6436001109674654
aug_mnist,160,8.0,0.0,3.0,1.0,0.9624999999398436,0.6687499999582031,1477.3476147651672,24.62246024608612,22.0,0.6428633051708882
aug_mnist,160,8.0,0.0,3.0,3.0,0.9749999999390624,0.7249999999546874,1609.944394826889,26.83240658044815,7.0,0.6023788481574273
aug_mnist,160,8.0,0.0,4.0,1.0,0.6874999999570313,0.6874999999570313,2064.077898979187,34.40129831631978,11.0,0.6651369237484069
aug_mnist,160,8.0,0.0,4.0,2.0,0.9124999999429688,0.9124999999429688,2007.903651237488,33.46506085395813,11.0,0.6502338403056968
aug_mnist,160,8.0,0.0,4.0,3.0,0.9062499999433592,0.9062499999433592,2417.797934532165,40.29663224220276,28.0,0.6250158089008703
aug_mnist,320,8.0,0.0,3.0,2.0,0.9031249999717772,0.6781249999788086,2847.4683804512024,47.457806340853374,10.0,0.6388686913052231
aug_mnist,5120,5.0,0.0,4.0,1.0,0.664658634534816,0.664658634534816,80006.68678736687,1333.4447797894477,13.0,0.6545083761202426
aug_mnist,320,8.0,0.0,3.0,1.0,0.9656249999698242,0.6406249999799805,2951.731920003891,49.19553200006485,15.0,0.6400090133943827
aug_mnist,320,8.0,0.0,3.0,3.0,0.9562499999701172,0.6687499999791016,3248.580153465271,54.143002557754514,6.0,0.6007818400672088
aug_mnist,2560,7.0,0.0,3.0,1.0,0.9638554216819084,0.6782128514022179,23978.86835956573,399.64780599276224,17.0,0.6404022979711312
aug_mnist,2560,7.0,0.0,3.0,2.0,0.9437751003968686,0.6395582329285163,24239.28826236725,403.9881377061208,13.0,0.634911824462318
aug_mnist,320,8.0,0.0,4.0,2.0,0.8718749999727539,0.8718749999727539,4070.869633197784,67.84782721996308,10.0,0.6436118453539945
aug_mnist,320,8.0,0.0,4.0,1.0,0.6718749999790039,0.6718749999790039,4183.693194627762,69.7282199104627,20.0,0.6595743554624435
aug_mnist,5120,6.0,0.0,3.0,1.0,0.9733935742923024,0.6867469879483598,49959.173426389694,832.6528904398282,9.0,0.6386739808308526
aug_mnist,320,8.0,0.0,4.0,3.0,0.8718749999727539,0.8718749999727539,5048.78102517128,84.14635041952133,20.0,0.6191353219554064
aug_mnist,5120,5.0,0.0,4.0,3.0,0.8413654618431659,0.8413654618431659,81547.53018450737,1359.1255030751229,13.0,0.6319524157034929
aug_mnist,640,8.0,0.0,3.0,1.0,0.9749999999847656,0.6765624999894287,5929.312730789185,98.8218788464864,9.0,0.6380461704631293
aug_mnist,5120,5.0,0.0,4.0,2.0,0.8925702811200172,0.8925702811200172,82605.8889594078,1376.76481599013,15.0,0.64145600557202
aug_mnist,640,8.0,0.0,3.0,3.0,0.9765624999847412,0.6687499999895508,5949.64928150177,99.16082135836284,11.0,0.5941184502747211
aug_mnist,640,8.0,0.0,3.0,2.0,0.9234374999855712,0.7468749999883301,7621.361340761185,127.0226890126864,9.0,0.6374550336499748
aug_mnist,5120,6.0,0.0,3.0,3.0,0.9482931726860026,0.6917670682696196,51024.90055418015,850.4150092363358,9.0,0.5965746480214864
aug_mnist,640,8.0,0.0,4.0,1.0,0.6781249999894043,0.6781249999894043,8057.969619035721,134.29949365059534,11.0,0.6563505953447784
aug_mnist,2560,7.0,0.0,3.0,3.0,0.9784136546135622,0.6997991967836356,31193.163206100464,519.8860534350077,11.0,0.5993313878751232
aug_mnist,640,8.0,0.0,4.0,2.0,0.8937499999860351,0.8937499999860351,8933.999058246613,148.8999843041102,22.0,0.6438771396774775
aug_mnist,640,8.0,0.0,4.0,3.0,0.8687499999864258,0.8687499999864258,8830.183134555817,147.16971890926362,22.0,0.6181044644020777
aug_mnist,1280,8.0,0.0,3.0,1.0,0.9773437499923646,0.6843749999946533,11862.642213582993,197.7107035597165,9.0,0.6400559616038863
aug_mnist,2560,7.0,0.0,4.0,1.0,0.6942771084302497,0.6942771084302497,32467.78425383568,541.129737563928,17.0,0.6561991053794023
aug_mnist,1280,8.0,0.0,3.0,3.0,0.9734374999923951,0.7296874999942994,11874.056838274002,197.9009473045667,9.0,0.59727975725661
aug_mnist,1280,8.0,0.0,3.0,2.0,0.7953124999937867,0.7562499999940918,13504.84792470932,225.0807987451553,20.0,0.6441888713786343
aug_mnist,2560,7.0,0.0,4.0,2.0,0.9101405622444272,0.9101405622444272,35839.6051595211,597.326752658685,13.0,0.659898035523698
aug_mnist,20,9.0,0.0,3.0,1.0,0.8499999995749999,0.549999999725,165.1386330127716,2.75231055021286,13.0,0.640583940424108
aug_mnist,20,9.0,0.0,3.0,2.0,0.7999999996,0.6999999996499999,168.7741208076477,2.812902013460795,3.0,0.6519601782876825
aug_mnist,5120,6.0,0.0,3.0,2.0,0.9452811244932466,0.6962851405587537,63989.8949072361,1066.498248453935,16.0,0.6418576717364173
aug_mnist,20,9.0,0.0,3.0,3.0,0.8499999995749999,0.49999999975,168.52086973190308,2.8086811621983845,14.0,0.6091441118651704
aug_mnist,2560,7.0,0.0,4.0,3.0,0.8564257028069457,0.8564257028069457,35498.93017148972,591.6488361914952,27.0,0.6239191269850201
aug_mnist,20,9.0,0.0,4.0,2.0,0.449999999775,0.449999999775,239.1648066043853,3.9860801100730896,11.0,0.6619235929517377
aug_mnist,20,9.0,0.0,4.0,1.0,0.3999999998,0.3999999998,270.23699283599854,4.503949880599976,3.0,0.6853756120354326
aug_mnist,20,9.0,0.0,4.0,3.0,0.749999999625,0.749999999625,320.0670852661133,5.334451421101888,11.0,0.6372602599653169
aug_mnist,40,9.0,0.0,3.0,1.0,0.72499999981875,0.52499999986875,346.194450378418,5.769907506306966,9.0,0.6399945048877995
aug_mnist,40,9.0,0.0,3.0,2.0,0.72499999981875,0.62499999984375,416.86940336227417,6.947823389371236,7.0,0.6500431696935607
aug_mnist,40,9.0,0.0,3.0,3.0,0.99999999975,0.72499999981875,465.7165424823761,7.761942374706268,9.0,0.6000469733764662
aug_mnist,40,9.0,0.0,4.0,1.0,0.7499999998125,0.7499999998125,461.6220979690552,7.693701632817587,20.0,0.6764357577063336
aug_mnist,1280,8.0,0.0,4.0,1.0,0.7156249999944092,0.7156249999944092,15721.440342903135,262.0240057150523,10.0,0.6548709243484834
aug_mnist,40,9.0,0.0,4.0,2.0,0.67499999983125,0.67499999983125,583.4949324131012,9.724915540218351,9.0,0.6760636286237469
aug_mnist,40,9.0,0.0,4.0,3.0,0.6999999998249999,0.6999999998249999,641.1103374958038,10.68517229159673,20.0,0.6564751224068727
aug_mnist,80,9.0,0.0,3.0,1.0,0.94999999988125,0.7124999999109376,697.9477729797363,11.632462882995606,11.0,0.638050436297769
aug_mnist,80,9.0,0.0,3.0,2.0,0.9249999998843752,0.6624999999171876,865.1729538440704,14.419549230734509,11.0,0.6386682020819554
aug_mnist,80,9.0,0.0,3.0,3.0,0.94999999988125,0.7499999999062501,886.1066098213196,14.768443497021993,15.0,0.5941537871214134
aug_mnist,80,9.0,0.0,4.0,1.0,0.6624999999171876,0.6624999999171876,1132.8211505413055,18.88035250902176,21.0,0.661836551941158
aug_mnist,80,9.0,0.0,4.0,2.0,0.8874999998890626,0.8874999998890626,1014.6090397834778,16.910150663057962,17.0,0.6553750287667262
aug_mnist,80,9.0,0.0,4.0,3.0,0.724999999909375,0.724999999909375,1113.6694962978363,18.561158271630607,18.0,0.6226600485261791
aug_mnist,1280,8.0,0.0,4.0,2.0,0.8617187499932679,0.8617187499932679,16671.221187114716,277.8536864519119,25.0,0.6429168373296101
aug_mnist,160,9.0,0.0,3.0,1.0,0.9312499999417968,0.6187499999613281,1551.2697513103485,25.85449585517248,12.0,0.6409600400524083
aug_mnist,160,9.0,0.0,3.0,3.0,0.9687499999394532,0.6874999999570313,1592.3189024925232,26.538648374875383,17.0,0.6021252399306671
aug_mnist,160,9.0,0.0,3.0,2.0,0.9562499999402344,0.5812499999636719,1778.9640600681305,29.64940100113551,8.0,0.6370329564411653
aug_mnist,160,9.0,0.0,4.0,1.0,0.6749999999578125,0.6749999999578125,1965.3542573452,32.75590428908666,9.0,0.6636926924767534
aug_mnist,160,9.0,0.0,4.0,2.0,0.9062499999433592,0.9062499999433592,2065.723705053329,34.42872841755549,20.0,0.6457485413147737
aug_mnist,1280,8.0,0.0,4.0,3.0,0.9242187499927796,0.9242187499927796,18462.95508384705,307.71591806411743,19.0,0.6169962972354369
aug_mnist,5120,6.0,0.0,4.0,1.0,0.6556224899565481,0.6556224899565481,67772.54340004921,1129.5423900008202,16.0,0.6545100456463429
aug_mnist,160,9.0,0.0,4.0,3.0,0.9124999999429688,0.9124999999429688,2355.833403110504,39.26389005184173,17.0,0.6231056153384821
aug_mnist,320,9.0,0.0,3.0,1.0,0.9531249999702148,0.6499999999796875,2980.571915626526,49.67619859377543,11.0,0.6406618279018466
aug_mnist,320,9.0,0.0,3.0,2.0,0.8968749999719726,0.6031249999811523,3391.644185066223,56.527403084437054,8.0,0.6383230572739442
aug_mnist,320,9.0,0.0,3.0,3.0,0.981249999969336,0.6687499999791016,3217.863116979599,53.631051949659984,21.0,0.5974280541948541
aug_mnist,320,9.0,0.0,4.0,1.0,0.6624999999792969,0.6624999999792969,4075.152541399002,67.9192090233167,8.0,0.6567418396267699
aug_mnist,320,9.0,0.0,4.0,2.0,0.8343749999739257,0.8343749999739257,4256.641737222672,70.9440289537112,20.0,0.6436112397708036
aug_mnist,2560,8.0,0.0,3.0,1.0,0.9733935742923024,0.6807228915628478,22773.33351612091,379.5555586020152,13.0,0.6397795003627582
aug_mnist,320,9.0,0.0,4.0,3.0,0.7843749999754882,0.7843749999754882,4144.023788928986,69.06706314881643,8.0,0.6310860091250616
aug_mnist,640,9.0,0.0,3.0,1.0,0.9687499999848632,0.6749999999894531,5834.929249048233,97.24882081747054,13.0,0.6406732094187767
aug_mnist,5120,6.0,0.0,4.0,2.0,0.8810240963811194,0.8810240963811194,74983.39069056511,1249.7231781760852,17.0,0.6416813731181009
aug_mnist,640,9.0,0.0,3.0,2.0,0.9421874999852784,0.6531249999897949,5905.214074134827,98.42023456891378,18.0,0.6364261788030365
aug_mnist,2560,8.0,0.0,3.0,2.0,0.9267068273045848,0.7143574297152894,26939.280627965927,448.9880104660988,17.0,0.6420538717483236
aug_mnist,640,9.0,0.0,3.0,3.0,0.981249999984668,0.6781249999894043,7102.218729496002,118.3703121582667,13.0,0.6007777702714507
aug_mnist,2560,8.0,0.0,3.0,3.0,0.9723895582280504,0.7003012048157615,26654.76069712639,444.24601161877314,13.0,0.5939719033218069
aug_mnist,640,9.0,0.0,4.0,1.0,0.671874999989502,0.671874999989502,8100.52293753624,135.008715625604,20.0,0.6580663752453024
aug_mnist,5120,6.0,0.0,4.0,3.0,0.8780120481883634,0.8780120481883634,76979.47111272812,1282.9911852121354,16.0,0.6164362907397629
aug_mnist,640,9.0,0.0,4.0,2.0,0.8843749999861816,0.8843749999861816,8734.479936361313,145.57466560602188,18.0,0.6444304335016648
aug_mnist,5120,7.0,0.0,3.0,2.0,0.9236947791118288,0.6229919678683585,53112.12054514885,885.2020090858142,13.0,0.6338963216530817
aug_mnist,640,9.0,0.0,4.0,3.0,0.8953124999860107,0.8953124999860107,9418.98449897766,156.98307498296103,18.0,0.6189111375712011
aug_mnist,5120,7.0,0.0,3.0,1.0,0.9769076305171842,0.6952811244945016,55328.31979894638,922.138663315773,9.0,0.638641467093174
aug_mnist,2560,8.0,0.0,4.0,1.0,0.6782128514022179,0.6782128514022179,31424.168595075607,523.7361432512602,15.0,0.6547594416115934
aug_mnist,1280,9.0,0.0,3.0,1.0,0.9648437499924624,0.6749999999947266,10857.173269033432,180.95288781722385,10.0,0.6398980897615032
aug_mnist,1280,9.0,0.0,3.0,2.0,0.9554687499925356,0.6429687499949769,11059.097378253937,184.3182896375656,17.0,0.6359090715597064
aug_mnist,1280,9.0,0.0,3.0,3.0,0.9765624999923708,0.6398437499950013,11532.5688829422,192.20948138237,10.0,0.5979231935692806
aug_mnist,2560,8.0,0.0,4.0,2.0,0.9116465863408052,0.9116465863408052,34608.65225434303,576.8108709057173,17.0,0.6424187153552711
aug_mnist,20,10.0,0.0,3.0,1.0,0.949999999525,0.5999999997,163.0575933456421,2.7176265557607016,15.0,0.6409080430640979
aug_mnist,20,10.0,0.0,3.0,2.0,0.5999999997,0.5999999997,165.76427149772644,2.7627378582954405,4.0,0.6460322925198488
aug_mnist,20,10.0,0.0,3.0,3.0,0.8499999995749999,0.549999999725,166.72989892959595,2.778831648826599,4.0,0.598691560028661
aug_mnist,20,10.0,0.0,4.0,1.0,0.549999999725,0.549999999725,221.6601910591125,3.694336517651876,16.0,0.6707894745095377
aug_mnist,20,10.0,0.0,4.0,2.0,0.749999999625,0.749999999625,239.1124131679535,3.9852068861325582,14.0,0.6571859672359898
aug_mnist,20,10.0,0.0,4.0,3.0,0.749999999625,0.749999999625,253.2711923122406,4.221186538537343,12.0,0.630181062502483
aug_mnist,40,10.0,0.0,3.0,1.0,0.92499999976875,0.6999999998249999,326.2880470752716,5.4381341179211935,13.0,0.6384957192732068
aug_mnist,40,10.0,0.0,3.0,2.0,0.8499999997875,0.6499999998375,397.7772250175476,6.629620416959127,13.0,0.6401744292566127
aug_mnist,40,10.0,0.0,3.0,3.0,0.97499999975625,0.72499999981875,401.6224961280823,6.693708268801371,13.0,0.5989901210360319
aug_mnist,5120,7.0,0.0,3.0,3.0,0.9487951807181286,0.6797188754985958,60335.45691251755,1005.5909485419592,13.0,0.5953959786880307
aug_mnist,40,10.0,0.0,4.0,1.0,0.6999999998249999,0.6999999998249999,519.3931548595428,8.656552580992381,13.0,0.6674869082689497
aug_mnist,2560,8.0,0.0,4.0,3.0,0.832831325297024,0.832831325297024,36669.964314222336,611.1660719037056,13.0,0.6197654724096886
aug_mnist,40,10.0,0.0,4.0,2.0,0.77499999980625,0.77499999980625,466.5726954936981,7.776211591561635,18.0,0.6632440893184037
aug_mnist,40,10.0,0.0,4.0,3.0,0.7999999998,0.7999999998,577.7691144943237,9.629485241572064,29.0,0.635759500702228
aug_mnist,80,10.0,0.0,3.0,1.0,0.94999999988125,0.7124999999109376,662.8428566455841,11.047380944093067,11.0,0.6410109805259527
aug_mnist,80,10.0,0.0,3.0,2.0,0.5999999999250001,0.624999999921875,654.1613948345184,10.90268991390864,7.0,0.6513276719232839
aug_mnist,80,10.0,0.0,3.0,3.0,0.94999999988125,0.7499999999062501,799.30109167099,13.321684861183169,16.0,0.6028320764741759
aug_mnist,80,10.0,0.0,4.0,1.0,0.6749999999156251,0.6749999999156251,910.8869907855988,15.181449846426649,12.0,0.6617611598141304
aug_mnist,1280,9.0,0.0,4.0,1.0,0.6984374999945435,0.6984374999945435,15918.926912784576,265.3154485464096,11.0,0.6534606087156742
aug_mnist,80,10.0,0.0,4.0,2.0,0.8499999998937501,0.8499999998937501,935.0328245162964,15.58388040860494,16.0,0.6445803534178863
aug_mnist,80,10.0,0.0,4.0,3.0,0.7124999999109376,0.7124999999109376,1149.2327489852903,19.153879149754843,24.0,0.6278755145480186
aug_mnist,1280,9.0,0.0,4.0,2.0,0.9007812499929628,0.9007812499929628,16582.59381866455,276.3765636444092,11.0,0.6422695666501413
aug_mnist,160,10.0,0.0,3.0,1.0,0.9624999999398436,0.6812499999574219,1340.3831226825714,22.33971871137619,6.0,0.6400297933416892
aug_mnist,160,10.0,0.0,3.0,3.0,0.9624999999398436,0.718749999955078,1583.5542285442352,26.39257047573725,14.0,0.5991042428834314
aug_mnist,160,10.0,0.0,3.0,2.0,0.9124999999429688,0.6312499999605469,1676.158573627472,27.93597622712453,14.0,0.6455233972861241
aug_mnist,160,10.0,0.0,4.0,1.0,0.6937499999566406,0.6937499999566406,2079.667391061783,34.66112318436305,20.0,0.6586338692491872
aug_mnist,160,10.0,0.0,4.0,2.0,0.9062499999433592,0.9062499999433592,2009.23418712616,33.487236452102664,7.0,0.6454273110224735
aug_mnist,160,10.0,0.0,4.0,3.0,0.8812499999449218,0.8812499999449218,2092.836673974991,34.880611232916515,14.0,0.6235484265891409
aug_mnist,1280,9.0,0.0,4.0,3.0,0.9156249999928469,0.9156249999928469,19785.933777809143,329.7655629634857,38.0,0.6153202927064509
aug_mnist,320,10.0,0.0,3.0,1.0,0.981249999969336,0.6156249999807617,3154.055092573166,52.56758487621944,20.0,0.6378587466279017
aug_mnist,320,10.0,0.0,3.0,2.0,0.899999999971875,0.6718749999790039,3298.7855484485626,54.97975914080938,21.0,0.6374803834954368
aug_mnist,5120,7.0,0.0,4.0,1.0,0.666164658631194,0.666164658631194,65924.62467646599,1098.7437446077663,9.0,0.6549386703955257
aug_mnist,320,10.0,0.0,3.0,3.0,0.9687499999697264,0.6687499999791016,3250.5722489356995,54.17620414892833,20.0,0.5931739556604032
aug_mnist,320,10.0,0.0,4.0,1.0,0.6843749999786133,0.6843749999786133,3754.320504426956,62.57200840711594,17.0,0.6569964504036632
aug_mnist,320,10.0,0.0,4.0,2.0,0.8718749999727539,0.8718749999727539,4288.072431564331,71.46787385940551,16.0,0.6430841207303308
aug_mnist,5120,8.0,0.0,3.0,2.0,0.9487951807181286,0.7063253012012735,46178.08053326607,769.6346755544345,15.0,0.6414597773539413
aug_mnist,5120,7.0,0.0,4.0,2.0,0.9086345381480492,0.9086345381480492,68755.28386044502,1145.9213976740837,9.0,0.6591694927202701
aug_mnist,320,10.0,0.0,4.0,3.0,0.709374999977832,0.709374999977832,4185.971279859543,69.76618799765905,7.0,0.633536068181267
aug_mnist,2560,9.0,0.0,3.0,2.0,0.9372489959792308,0.6415662650570203,23677.793677330017,394.6298946221669,11.0,0.6353904163812614
aug_mnist,640,10.0,0.0,3.0,3.0,0.9671874999848876,0.709374999988916,5523.171092748642,92.0528515458107,10.0,0.5995291560794613
aug_mnist,640,10.0,0.0,3.0,1.0,0.9749999999847656,0.6812499999893554,6546.305904626846,109.10509841044744,14.0,0.6387285524506903
aug_mnist,2560,9.0,0.0,3.0,3.0,0.9799196787099402,0.6711847389524539,24496.276876211166,408.2712812701861,11.0,0.5997915601706918
aug_mnist,640,10.0,0.0,3.0,2.0,0.9218749999855956,0.637499999990039,6768.993098258972,112.81655163764954,14.0,0.6350339156290012
aug_mnist,2560,9.0,0.0,3.0,1.0,0.9593373493927744,0.6852409638519817,28277.244945526123,471.2874157587687,14.0,0.6405022925113455
aug_mnist,640,10.0,0.0,4.0,1.0,0.6609374999896729,0.6609374999896729,8329.832287549973,138.83053812583287,12.0,0.6552720218794479
aug_mnist,640,10.0,0.0,4.0,2.0,0.8468749999867675,0.8468749999867675,8062.666679143906,134.37777798573177,14.0,0.6431369072098378
aug_mnist,5120,7.0,0.0,4.0,3.0,0.8910642570236392,0.8910642570236392,74674.7705745697,1244.5795095761616,33.0,0.6167897981393212
aug_mnist,640,10.0,0.0,4.0,3.0,0.8343749999869629,0.8343749999869629,8963.88127207756,149.39802120129266,33.0,0.6255750745437151
aug_mnist,5120,8.0,0.0,3.0,1.0,0.9708835341316724,0.67168674698458,54915.54829382896,915.2591382304828,8.0,0.6387877404677312
aug_mnist,5120,8.0,0.0,3.0,3.0,0.9824297188705702,0.668674698791824,51264.71130156517,854.4118550260862,8.0,0.6086171609151398
aug_mnist,1280,10.0,0.0,3.0,1.0,0.9796874999923464,0.6882812499946228,11136.453745126724,185.6075624187788,12.0,0.6396913474748227
aug_mnist,2560,9.0,0.0,4.0,1.0,0.6942771084302497,0.6942771084302497,32450.270835638046,540.8378472606341,11.0,0.6546941727374251
aug_mnist,1280,10.0,0.0,3.0,2.0,0.9148437499928528,0.7710937499939758,12116.405534744265,201.9400922457377,18.0,0.6381959426353188
aug_mnist,1280,10.0,0.0,3.0,3.0,0.9859374999922974,0.6578124999948609,12415.353033304214,206.92255055507025,12.0,0.5937556445552217
aug_mnist,2560,9.0,0.0,4.0,3.0,0.8559236947748197,0.8559236947748197,36854.55226254463,614.2425377090772,11.0,0.6292613124822831
aug_mnist,2560,9.0,0.0,4.0,2.0,0.8900602409593873,0.8900602409593873,38084.9051322937,634.7484188715617,13.0,0.6426468002771071
aug_mnist,1280,10.0,0.0,4.0,1.0,0.7062499999944825,0.7062499999944825,17373.6403465271,289.56067244211835,12.0,0.6551342517086345
aug_mnist,1280,10.0,0.0,4.0,2.0,0.8945312499930116,0.8945312499930116,17070.33004283905,284.5055007139842,12.0,0.6428376764008845
aug_mnist,1280,10.0,0.0,4.0,3.0,0.875781249993158,0.875781249993158,17443.413103818893,290.7235517303149,18.0,0.63397840439778
aug_mnist,5120,8.0,0.0,4.0,1.0,0.6516064256995402,0.6516064256995402,64774.73683261871,1079.578947210312,12.0,0.654388068317089
aug_mnist,2560,10.0,0.0,3.0,1.0,0.9723895582280504,0.6797188754985958,21883.680394887924,364.7280065814654,17.0,0.6401102036212712
aug_mnist,5120,9.0,0.0,3.0,1.0,0.9523092369430104,0.6872489959804857,44212.0497906208,736.8674965103468,15.0,0.6395161586987402
aug_mnist,5120,8.0,0.0,4.0,2.0,0.8599397590318276,0.8599397590318276,67568.9978981018,1126.1499649683635,11.0,0.6410170900809166
aug_mnist,5120,9.0,0.0,3.0,3.0,0.9754016064208064,0.6992971887515096,47273.85437107086,787.897572851181,15.0,0.5986822611081828
aug_mnist,5120,8.0,0.0,4.0,3.0,0.8835341365417494,0.8835341365417494,71978.01762390137,1199.633627065023,35.0,0.6160330963122733
aug_mnist,2560,10.0,0.0,3.0,2.0,0.9342369477864748,0.6365461847357603,27442.79088878632,457.3798481464386,14.0,0.6343744045471207
aug_mnist,5120,9.0,0.0,3.0,2.0,0.9302208835294667,0.6209839357398546,50241.07037234306,837.3511728723844,17.0,0.6338599592434899
aug_mnist,2560,10.0,0.0,3.0,3.0,0.9583333333285224,0.7028112449763916,27365.16158890724,456.08602648178737,17.0,0.5943535226560265
aug_mnist,2560,10.0,0.0,4.0,1.0,0.6812248995949738,0.6812248995949738,31014.96295809745,516.9160493016243,9.0,0.6553845244620471
aug_mnist,2560,10.0,0.0,4.0,2.0,0.8870481927666314,0.8870481927666314,30912.78468060493,515.2130780100822,9.0,0.6426654964660337
aug_mnist,2560,10.0,0.0,4.0,3.0,0.7871485943735586,0.7871485943735586,34409.106360673904,573.4851060112318,16.0,0.6323370778535937
aug_mnist,5120,9.0,0.0,4.0,1.0,0.6601405622456821,0.6601405622456821,60050.96772503853,1000.8494620839756,18.0,0.654580438135776
aug_mnist,5120,9.0,0.0,4.0,2.0,0.8559236947748197,0.8559236947748197,65289.5712518692,1088.1595208644867,15.0,0.6413795447337021
aug_mnist,5120,10.0,0.0,3.0,3.0,0.9618473895534044,0.6907630522053677,46491.64817023277,774.8608028372129,17.0,0.5946570116269895
aug_mnist,5120,9.0,0.0,4.0,3.0,0.8634538152567096,0.8634538152567096,69291.27252864838,1154.8545421441395,22.0,0.6227442318188903
aug_mnist,5120,10.0,0.0,3.0,1.0,0.9743975903565544,0.6892570281089897,50782.42448234558,846.3737413724264,17.0,0.6394465363013175
aug_mnist,5120,10.0,0.0,3.0,2.0,0.9352409638507267,0.746485943771353,51504.10730481148,858.4017884135246,17.0,0.636280379890153
aug_mnist,5120,10.0,0.0,4.0,1.0,0.662148594374186,0.662148594374186,58884.79293704033,981.4132156173388,17.0,0.6554419952618196
aug_mnist,5120,10.0,0.0,4.0,2.0,0.8524096385499378,0.8524096385499378,63381.57914423943,1056.3596524039904,12.0,0.6416894942509517
aug_mnist,5120,10.0,0.0,4.0,3.0,0.8142570281083622,0.8142570281083622,66263.4767446518,1104.3912790775298,14.0,0.6285834729659202
