dataset,N,seed,p_err,non_equivariance,reps,val_acc,val_aug_acc,training_time,epoch_time,convergence_epoch
mnist,20,1,0,3,1,0.7999999996,0.549999999725,294.27875995635986,4.904645999272664,13
mnist,20,1,0,3,3,0.749999999625,0.5999999997,293.95855021476746,4.8993091702461244,32
mnist,20,1,0,3,2,0.8499999995749999,0.49999999975,332.33736205101013,5.538956034183502,13
mnist,20,1,0,4,2,0.749999999625,0.749999999625,334.82033228874207,5.580338871479034,13
mnist,20,1,0,4,1,0.549999999725,0.549999999725,356.87255120277405,5.947875853379568,32
mnist,20,1,0,4,3,0.7999999996,0.7999999996,491.8195595741272,8.196992659568787,28
mnist,40,1,0,3,1,0.92499999976875,0.62499999984375,549.1296484470367,9.152160807450612,13
mnist,40,1,0,3,3,0.9499999997624999,0.72499999981875,565.3310806751251,9.422184677918752,23
mnist,40,1,0,4,3,0.92499999976875,0.92499999976875,682.1789331436157,11.369648885726928,23
mnist,40,1,0,4,2,0.92499999976875,0.92499999976875,757.2933752536774,12.621556254227956,26
mnist,40,1,0,3,2,0.59999999985,0.62499999984375,870.4297153949738,14.507161923249562,13
mnist,40,1,0,4,1,0.6999999998249999,0.6999999998249999,985.8325192928314,16.430541988213857,53
mnist,80,1,0,3,2,0.5999999999250001,0.54999999993125,1093.5725948810577,18.226209914684297,17
mnist,80,1,0,3,3,0.9499999998812501,0.7374999999078126,1134.094479084015,18.90157465140025,37
mnist,80,1,0,3,1,0.9624999998796876,0.724999999909375,1249.8095121383667,20.830158535639445,8
mnist,80,1,0,4,2,0.974999999878125,0.974999999878125,1369.9232783317566,22.83205463886261,17
mnist,160,1,0,3,3,0.9874999999382812,0.69999999995625,1999.4799242019653,33.32466540336609,32
mnist,80,1,0,4,1,0.6124999999234375,0.6124999999234375,2164.645740747452,36.07742901245753,25
mnist,160,1,0,3,2,0.8624999999460937,0.6374999999601563,2174.139393091202,36.23565655152003,21
mnist,80,1,0,4,3,0.8124999998984376,0.8124999998984376,2204.5938053131104,36.74323008855184,22
mnist,160,1,0,4,1,0.6124999999617187,0.6124999999617187,2424.062106847763,40.401035114129385,21
mnist,160,1,0,4,2,0.8874999999445312,0.8874999999445312,2708.8216621875763,45.14702770312627,35
mnist,160,1,0,3,1,0.9624999999398437,0.6687499999582031,3251.4671449661255,54.19111908276876,32
mnist,160,1,0,4,3,0.9374999999414062,0.9374999999414062,3958.6438138484955,65.97739689747492,12
mnist,320,1,0,3,3,0.9624999999699219,0.6531249999795898,4144.623450517654,69.07705750862758,12
mnist,320,1,0,3,2,0.9218749999711914,0.5468749999829101,4644.297410488129,77.40495684146882,19
mnist,320,1,0,3,1,0.9656249999698242,0.6312499999802734,5115.846369981766,85.26410616636277,24
mnist,320,1,0,4,1,0.6124999999808594,0.6124999999808594,5180.044240951538,86.33407068252563,19
mnist,20,2,0,3,1,0.8499999995749999,0.549999999725,263.5232903957367,4.392054839928945,13
mnist,20,2,0,3,2,0.6999999996499999,0.549999999725,267.545991897583,4.459099864959716,32
mnist,320,1,0,4,2,0.8687499999728515,0.8687499999728515,5855.534523487091,97.59224205811819,9
mnist,20,2,0,3,3,0.8499999995749999,0.5999999997,273.1851980686188,4.55308663447698,32
mnist,320,1,0,4,3,0.8562499999732421,0.8562499999732421,6053.180614948273,100.88634358247121,19
mnist,640,1,0,3,1,0.9484374999851807,0.6624999999896485,6288.8494255542755,104.81415709257126,12
mnist,20,2,0,4,1,0.549999999725,0.549999999725,452.48958945274353,7.541493157545726,32
mnist,20,2,0,4,2,0.749999999625,0.749999999625,382.5816605091095,6.3763610084851585,13
mnist,20,2,0,4,3,0.749999999625,0.749999999625,388.66693663597107,6.477782277266185,32
mnist,40,2,0,3,1,0.9499999997624999,0.62499999984375,367.92050099372864,6.132008349895477,13
mnist,40,2,0,3,3,0.92499999976875,0.72499999981875,544.1993780136108,9.06998963356018,13
mnist,40,2,0,3,2,0.59999999985,0.62499999984375,710.6513319015503,11.844188865025838,13
mnist,40,2,0,4,1,0.6999999998249999,0.6999999998249999,655.3889200687408,10.923148667812347,53
mnist,40,2,0,4,2,0.7499999998125,0.7499999998125,580.8900275230408,9.681500458717347,42
mnist,40,2,0,4,3,0.92499999976875,0.92499999976875,756.9146449565887,12.615244082609813,53
mnist,640,1,0,3,2,0.917187499985669,0.7031249999890137,7649.8900847435,127.49816807905833,31
mnist,80,2,0,3,2,0.8999999998875001,0.54999999993125,855.7461311817169,14.262435519695282,17
mnist,80,2,0,3,3,0.9499999998812501,0.7374999999078126,761.8971645832062,12.69828607638677,10
mnist,80,2,0,3,1,0.9624999998796876,0.724999999909375,1300.4242672920227,21.673737788200377,10
mnist,80,2,0,4,1,0.6124999999234375,0.6124999999234375,1384.877065896988,23.081284431616464,25
mnist,80,2,0,4,2,0.8124999998984376,0.8124999998984376,1381.450839996338,23.02418066660563,17
mnist,80,2,0,4,3,0.9249999998843751,0.9249999998843751,1342.4321341514587,22.37386890252431,35
mnist,160,2,0,3,1,0.9624999999398437,0.6687499999582031,1611.76553606987,26.862758934497833,11
mnist,640,1,0,4,3,0.8171874999872314,0.8171874999872314,10146.825358629227,169.11375597715377,20
mnist,640,1,0,3,3,0.9593749999850097,0.6703124999895264,10694.989610910416,178.24982684850693,14
mnist,160,2,0,3,2,0.8624999999460937,0.6374999999601563,2617.6920771598816,43.628201285998024,21
mnist,160,2,0,3,3,0.9812499999386718,0.7312499999542968,2177.3090739250183,36.28848456541697,12
mnist,160,2,0,4,1,0.6124999999617187,0.6124999999617187,2725.805380821228,45.4300896803538,21
mnist,160,2,0,4,2,0.9062499999433593,0.9062499999433593,2656.2508928775787,44.27084821462631,21
mnist,160,2,0,4,3,0.9437499999410156,0.9437499999410156,2544.209276676178,42.403487944602965,44
mnist,640,1,0,4,2,0.8765624999863036,0.8765624999863036,12588.177628040314,209.80296046733855,27
mnist,640,1,0,4,1,0.5968749999906738,0.5968749999906738,13501.823570728302,225.0303928454717,18
mnist,320,2,0,3,1,0.9656249999698242,0.6312499999802734,3415.90735912323,56.9317893187205,9
mnist,320,2,0,3,2,0.7593749999762696,0.518749999983789,3993.8534729480743,66.56422454913458,38
mnist,1280,1,0,3,1,0.9664062499924501,0.6562499999948731,15148.416412830353,252.47360688050588,21
mnist,1280,1,0,3,2,0.9414062499926453,0.5578124999956421,15173.965231657028,252.89942052761714,18
mnist,320,2,0,4,1,0.6124999999808594,0.6124999999808594,5269.054602146149,87.81757670243582,19
mnist,320,2,0,3,3,0.9781249999694336,0.6437499999798828,5816.751451969147,96.94585753281912,24
mnist,320,2,0,4,2,0.8531249999733398,0.8531249999733398,5590.509436130524,93.17515726884206,9
mnist,320,2,0,4,3,0.8687499999728515,0.8687499999728515,5721.866721868515,95.36444536447524,32
mnist,1280,1,0,3,3,0.9570312499925233,0.6703124999947633,17539.706603050232,292.32844338417055,29
mnist,640,2,0,3,1,0.9484374999851807,0.6624999999896485,6894.611044645309,114.91018407742182,12
mnist,1280,1,0,4,1,0.6007812499953065,0.6007812499953065,20848.25557398796,347.4709262331327,12
mnist,640,2,0,3,2,0.9156249999856934,0.7031249999890137,9925.111615419388,165.41852692365646,31
mnist,640,2,0,4,1,0.5968749999906738,0.5968749999906738,9259.856090545654,154.33093484242758,18
mnist,640,2,0,3,3,0.9515624999851319,0.6578124999897217,10148.439326047897,169.14065543413162,22
mnist,640,2,0,4,2,0.8765624999863036,0.8765624999863036,11152.09228181839,185.86820469697315,27
mnist,640,2,0,4,3,0.8703124999864014,0.8703124999864014,10800.46091246605,180.00768187443416,46
mnist,1280,1,0,4,3,0.8578124999932984,0.8578124999932984,28298.63546538353,471.6439244230588,37
mnist,1280,2,0,3,1,0.9664062499924501,0.6562499999948731,14175.410904407501,236.25684840679168,12
mnist,1280,1,0,4,2,0.9054687499929261,0.9054687499929261,29403.739354372025,490.06232257286706,12
mnist,2560,1,0,3,2,0.9603413654570264,0.6094377510009567,29397.915011405945,489.9652501900991,16
mnist,1280,2,0,3,2,0.8507812499933534,0.4945312499961365,15863.030286312103,264.38383810520173,15
mnist,1280,2,0,3,3,0.9749999999923828,0.6617187499948304,17180.105570316315,286.33509283860525,23
mnist,20,3,0,3,1,0.8499999995749999,0.549999999725,240.9523994922638,4.015873324871063,13
mnist,20,3,0,3,2,0.6999999996499999,0.549999999725,259.7867343425751,4.329778905709585,32
mnist,20,3,0,3,3,0.89999999955,0.49999999975,263.15156292915344,4.3858593821525576,13
mnist,20,3,0,4,1,0.549999999725,0.549999999725,310.37548089027405,5.1729246815045675,32
mnist,2560,1,0,3,3,0.9623493975855304,0.665662650599068,33648.48186993599,560.8080311655998,16
mnist,2560,1,0,3,1,0.9618473895534044,0.6772088353379658,34439.14366769791,573.9857277949651,21
mnist,20,3,0,4,2,0.749999999625,0.749999999625,328.80620789527893,5.480103464921315,47
mnist,20,3,0,4,3,0.749999999625,0.749999999625,333.2665100097656,5.554441833496094,47
mnist,40,3,0,3,1,0.92499999976875,0.6499999998375,519.9308376312256,8.665513960520427,13
mnist,40,3,0,3,2,0.59999999985,0.62499999984375,487.30035877227783,8.121672646204631,13
mnist,40,3,0,3,3,0.99999999975,0.6999999998249999,462.1738712787628,7.702897854646047,21
mnist,40,3,0,4,1,0.6999999998249999,0.6999999998249999,640.8320729732513,10.680534549554189,53
mnist,40,3,0,4,2,0.67499999983125,0.67499999983125,659.697215795517,10.99495359659195,13
mnist,40,3,0,4,3,0.9499999997624999,0.9499999997624999,694.8477201461792,11.580795335769654,53
mnist,1280,2,0,4,1,0.6007812499953065,0.6007812499953065,19850.952512025833,330.8492085337639,12
mnist,80,3,0,3,1,0.9624999998796876,0.724999999909375,889.2861478328705,14.821435797214509,8
mnist,80,3,0,3,2,0.5999999999250001,0.54999999993125,948.7495970726013,15.812493284543356,17
mnist,80,3,0,3,3,0.9499999998812501,0.7499999999062501,1112.9659609794617,18.54943268299103,10
mnist,80,3,0,4,2,0.974999999878125,0.974999999878125,1239.6293804645538,20.66048967440923,17
mnist,80,3,0,4,1,0.6124999999234375,0.6124999999234375,1321.4808423519135,22.024680705865226,35
mnist,1280,2,0,4,2,0.9054687499929261,0.9054687499929261,21110.911730527878,351.8485288421313,12
mnist,80,3,0,4,3,0.874999999890625,0.874999999890625,1354.8384611606598,22.58064101934433,33
mnist,160,3,0,3,1,0.9624999999398437,0.6687499999582031,2474.7698254585266,41.24616375764211,32
mnist,160,3,0,3,3,0.9812499999386718,0.7312499999542968,2014.5419232845306,33.57569872140884,17
mnist,160,3,0,3,2,0.8624999999460937,0.6374999999601563,2183.0065038204193,36.38344173034032,21
mnist,1280,2,0,4,3,0.9070312499929138,0.9070312499929138,23027.546883821487,383.79244806369144,29
mnist,160,3,0,4,2,0.9062499999433593,0.9062499999433593,2611.688057422638,43.5281342903773,21
mnist,2560,1,0,4,3,0.8830321285096234,0.8830321285096234,40043.34497857094,667.3890829761823,26
mnist,160,3,0,4,1,0.6124999999617187,0.6124999999617187,3328.9092688560486,55.48182114760081,21
mnist,160,3,0,4,3,0.9124999999429687,0.9124999999429687,2776.4187109470367,46.273645182450615,56
mnist,2560,1,0,4,1,0.5983935742941848,0.5983935742941848,42116.833285331726,701.9472214221954,16
mnist,320,3,0,3,2,0.7593749999762696,0.5124999999839843,3411.132987976074,56.852216466267905,9
mnist,320,3,0,3,1,0.9656249999698242,0.6312499999802734,3509.2380459308624,58.48730076551438,24
mnist,320,3,0,3,3,0.9781249999694336,0.6406249999799805,3410.376719236374,56.839611987272896,12
mnist,2560,2,0,3,1,0.9618473895534044,0.6772088353379658,25712.621046066284,428.54368410110476,13
mnist,320,3,0,4,2,0.8687499999728515,0.8687499999728515,4482.6604180336,74.71100696722667,24
mnist,320,3,0,4,1,0.6124999999808594,0.6124999999808594,4925.557524442673,82.09262540737788,19
mnist,2560,1,0,4,2,0.8920682730878913,0.8920682730878913,45622.311021089554,760.3718503514925,16
mnist,320,3,0,4,3,0.8218749999743163,0.8218749999743163,5487.051848649979,91.45086414416632,47
mnist,640,3,0,3,2,0.7671874999880127,0.5578124999912841,7081.878098726273,118.03130164543788,23
mnist,640,3,0,3,1,0.9484374999851807,0.6624999999896485,8606.51240849495,143.4418734749158,12
mnist,2560,2,0,3,2,0.9011044176661591,0.6997991967836356,30056.843030691147,500.9473838448524,41
mnist,640,3,0,3,3,0.9593749999850097,0.6703124999895264,8982.92965054512,149.715494175752,14
mnist,640,3,0,4,1,0.5968749999906738,0.5968749999906738,10385.59818315506,173.09330305258433,18
mnist,2560,2,0,3,3,0.9623493975855304,0.665662650599068,33539.85079884529,558.9975133140882,16
mnist,640,3,0,4,3,0.8203124999871826,0.8203124999871826,11623.226696968079,193.72044494946797,31
mnist,640,3,0,4,2,0.8765624999863036,0.8765624999863036,12545.945342540741,209.0990890423457,27
mnist,1280,3,0,3,1,0.9664062499924501,0.6562499999948731,12280.619005441666,204.67698342402775,21
mnist,1280,3,0,3,2,0.6718749999947511,0.5203124999959351,13220.598162412643,220.34330270687738,12
mnist,2560,2,0,4,1,0.5983935742941848,0.5983935742941848,37111.50663518906,618.5251105864843,16
mnist,1280,3,0,3,3,0.9843749999923097,0.6695312499947693,13146.131957054138,219.10219928423564,11
mnist,1280,3,0,4,1,0.6007812499953065,0.6007812499953065,18569.35262966156,309.4892104943593,15
mnist,5120,1,0,3,3,0.9568273092321445,0.663152610438438,67605.21691346169,1126.7536152243615,15
mnist,5120,1,0,3,1,0.9457831325253726,0.6752008032094619,68899.08474183083,1148.3180790305137,17
mnist,20,4,0,3,1,0.7999999996,0.549999999725,320.60804629325867,5.343467438220978,13
mnist,20,4,0,3,2,0.8499999995749999,0.49999999975,273.4537193775177,4.557561989625295,13
mnist,20,4,0,3,3,0.8499999995749999,0.49999999975,274.0658805370331,4.567764675617218,13
mnist,20,4,0,4,1,0.449999999775,0.449999999775,334.2060294151306,5.570100490252177,47
mnist,20,4,0,4,2,0.649999999675,0.649999999675,402.716894865036,6.7119482477506,13
mnist,1280,3,0,4,2,0.9054687499929261,0.9054687499929261,21467.71841621399,357.7953069368998,18
mnist,20,4,0,4,3,0.749999999625,0.749999999625,583.0253295898438,9.717088826497395,32
mnist,40,4,0,3,1,0.92499999976875,0.6499999998375,548.6169624328613,9.14361604054769,13
mnist,40,4,0,3,3,0.99999999975,0.72499999981875,554.049263715744,9.2341543952624,23
mnist,40,4,0,3,2,0.59999999985,0.62499999984375,792.1226153373718,13.202043588956197,13
mnist,40,4,0,4,1,0.6999999998249999,0.6999999998249999,757.1981844902039,12.619969741503398,53
mnist,40,4,0,4,2,0.8499999997875,0.8499999997875,730.6044571399689,12.176740952332814,13
mnist,40,4,0,4,3,0.9499999997624999,0.9499999997624999,972.164776802063,16.202746280034383,31
mnist,80,4,0,3,1,0.9499999998812501,0.7374999999078126,1300.272404909134,21.671206748485567,8
mnist,1280,3,0,4,3,0.8320312499934999,0.8320312499934999,24103.82092356682,401.7303487261136,29
mnist,5120,1,0,3,2,0.9558232931678925,0.6089357429688307,74545.24586486816,1242.4207644144694,17
mnist,80,4,0,3,2,0.5999999999250001,0.54999999993125,1061.5959737300873,17.693266228834787,17
mnist,2560,2,0,4,2,0.8925702811200172,0.8925702811200172,52811.4173309803,880.1902888496717,16
mnist,80,4,0,3,3,0.974999999878125,0.7499999999062501,1186.2148718833923,19.770247864723206,8
mnist,80,4,0,4,1,0.6124999999234375,0.6124999999234375,1236.2829225063324,20.60471537510554,35
mnist,80,4,0,4,3,0.7874999999015626,0.7874999999015626,1453.1487829685211,24.219146382808685,37
mnist,80,4,0,4,2,0.9374999998828126,0.9374999998828126,1646.9171175956726,27.448618626594545,17
mnist,160,4,0,3,1,0.9624999999398437,0.6687499999582031,1984.0909066200256,33.068181777000426,32
mnist,160,4,0,3,3,0.9874999999382812,0.7062499999558594,2157.7814242839813,35.963023738066354,17
mnist,160,4,0,3,2,0.8624999999460937,0.6374999999601563,2681.682316303253,44.694705271720885,21
mnist,160,4,0,4,3,0.9124999999429687,0.9124999999429687,2675.9952523708344,44.59992087284724,21
mnist,160,4,0,4,1,0.6124999999617187,0.6124999999617187,3522.3169734477997,58.70528289079666,31
mnist,160,4,0,4,2,0.8874999999445312,0.8874999999445312,3760.0377674102783,62.66729612350464,21
mnist,2560,3,0,3,2,0.7374497991930852,0.5542168674670973,29870.272183656693,497.8378697276115,16
mnist,2560,2,0,4,3,0.8930722891521432,0.8930722891521432,57253.4702835083,954.2245047251383,26
mnist,320,4,0,3,1,0.9656249999698242,0.6312499999802734,3988.53622841835,66.4756038069725,24
mnist,320,4,0,3,2,0.8968749999719726,0.6374999999800781,4487.396807193756,74.7899467865626,19
mnist,2560,3,0,3,1,0.9618473895534044,0.6772088353379658,33411.60329389572,556.860054898262,21
mnist,320,4,0,3,3,0.9781249999694336,0.6437499999798828,4141.306802988052,69.02178004980087,24
mnist,320,4,0,4,1,0.6124999999808594,0.6124999999808594,6314.829798460007,105.24716330766678,19
mnist,2560,3,0,3,3,0.9703815260995463,0.657128514052926,33523.85518217087,558.7309197028478,26
mnist,320,4,0,4,3,0.8468749999735351,0.8468749999735351,6185.6571617126465,103.0942860285441,32
mnist,320,4,0,4,2,0.8687499999728515,0.8687499999728515,7628.310349941254,127.13850583235423,19
mnist,640,4,0,3,2,0.7687499999879883,0.5578124999912841,8061.956285238266,134.36593808730444,9
mnist,640,4,0,3,1,0.9484374999851807,0.6624999999896485,10178.06316280365,169.63438604672749,23
mnist,640,4,0,3,3,0.9593749999850097,0.6484374999898681,9771.990821361542,162.86651368935904,28
mnist,5120,1,0,4,1,0.585843373491035,0.585843373491035,91660.18641877174,1527.6697736461958,15
mnist,5120,2,0,3,2,0.9226907630475769,0.7018072289121395,68388.19844055176,1139.8033073425293,25
mnist,640,4,0,4,2,0.9078124999858154,0.9078124999858154,13024.570190429688,217.0761698404948,14
mnist,640,4,0,4,1,0.5968749999906738,0.5968749999906738,14011.7760283947,233.52960047324498,18
mnist,5120,1,0,4,2,0.8719879518028515,0.8719879518028515,96683.94408941269,1611.3990681568782,17
mnist,5120,2,0,3,3,0.9568273092321445,0.6636546184705641,71157.7779276371,1185.9629654606183,17
mnist,5120,2,0,3,1,0.9452811244932466,0.6752008032094619,74874.17447257042,1247.9029078761737,9
mnist,640,4,0,4,3,0.871874999986377,0.871874999986377,13136.534723520279,218.94224539200465,16
mnist,2560,3,0,4,2,0.8925702811200172,0.8925702811200172,47549.79937052727,792.4966561754544,16
mnist,1280,4,0,3,1,0.9664062499924501,0.6562499999948731,16734.22828602791,278.9038047671318,21
mnist,2560,3,0,4,1,0.5983935742941848,0.5983935742941848,51417.89084935188,856.9648474891981,16
mnist,1280,4,0,3,2,0.8085937499936829,0.6437499999949707,18700.47385406494,311.6745642344157,15
mnist,1280,4,0,3,3,0.9843749999923097,0.6687499999947755,21882.276667118073,364.70461111863455,11
mnist,20,5,0,3,1,0.8499999995749999,0.549999999725,270.01429080963135,4.5002381801605225,13
mnist,20,5,0,3,2,0.8499999995749999,0.49999999975,286.73456621170044,4.778909436861674,13
mnist,2560,3,0,4,3,0.7725903614419047,0.7725903614419047,54946.276075839996,915.7712679306666,26
mnist,20,5,0,3,3,0.8499999995749999,0.5999999997,298.2390158176422,4.970650263627371,32
mnist,20,5,0,4,1,0.49999999975,0.49999999975,350.59671115875244,5.84327851931254,60
mnist,20,5,0,4,2,0.6999999996499999,0.6999999996499999,375.22984790802,6.253830798467001,29
mnist,20,5,0,4,3,0.749999999625,0.749999999625,402.1728341579437,6.7028805692990625,57
mnist,40,5,0,3,1,0.92499999976875,0.6499999998375,533.0515556335449,8.884192593892415,13
mnist,40,5,0,3,2,0.59999999985,0.62499999984375,513.3017308712006,8.555028847853343,13
mnist,40,5,0,3,3,0.92499999976875,0.72499999981875,545.141242980957,9.08568738301595,24
mnist,40,5,0,4,1,0.6999999998249999,0.6999999998249999,841.8142457008362,14.03023742834727,53
mnist,40,5,0,4,2,0.77499999980625,0.77499999980625,710.9717447757721,11.849529079596202,13
mnist,40,5,0,4,3,0.87499999978125,0.87499999978125,710.6305508613586,11.843842514355977,48
mnist,80,5,0,3,1,0.9624999998796876,0.724999999909375,1188.5849041938782,19.809748403231303,10
mnist,80,5,0,3,2,0.5999999999250001,0.54999999993125,1223.562034368515,20.392700572808582,17
mnist,1280,4,0,4,1,0.6007812499953065,0.6007812499953065,25147.296459197998,419.1216076533,15
mnist,80,5,0,3,3,0.9499999998812501,0.724999999909375,1130.502876996994,18.841714616616567,17
mnist,80,5,0,4,1,0.6124999999234375,0.6124999999234375,1532.782665014267,25.546377750237784,26
mnist,5120,3,0,3,1,0.9457831325253726,0.6752008032094619,60050.8395652771,1000.8473260879516,17
mnist,80,5,0,4,3,0.8499999998937501,0.8499999998937501,1494.8888618946075,24.914814364910125,22
mnist,80,5,0,4,2,0.974999999878125,0.974999999878125,1624.964441537857,27.082740692297616,17
mnist,5120,1,0,4,3,0.8785140562204894,0.8785140562204894,115959.25216031075,1932.6542026718457,32
mnist,1280,4,0,4,2,0.853906249993329,0.853906249993329,25653.226092100143,427.5537682016691,12
mnist,160,5,0,3,1,0.9624999999398437,0.6687499999582031,2296.438358783722,38.273972646395364,32
mnist,160,5,0,3,2,0.7937499999503906,0.5124999999679687,2078.273950576782,34.6378991762797,32
mnist,160,5,0,4,1,0.6124999999617187,0.6124999999617187,2563.4065272808075,42.72344212134679,21
mnist,160,5,0,3,3,0.9874999999382812,0.7062499999558594,2747.737377166748,45.795622952779134,17
mnist,160,5,0,4,2,0.8624999999460937,0.8624999999460937,3309.3278884887695,55.15546480814616,20
mnist,160,5,0,4,3,0.9374999999414062,0.9374999999414062,2892.5648081302643,48.20941346883774,43
mnist,1280,4,0,4,3,0.8578124999932984,0.8578124999932984,29199.93974685669,486.6656624476115,29
mnist,5120,2,0,4,2,0.8719879518028515,0.8719879518028515,94316.17956614494,1571.9363261024157,9
mnist,320,5,0,3,2,0.9218749999711914,0.5499999999828125,3914.747279882431,65.24578799804051,16
mnist,5120,3,0,3,3,0.9718875501959243,0.6691767068239499,65377.860323667526,1089.6310053944587,9
mnist,320,5,0,3,3,0.9749999999695312,0.6468749999797851,3862.424486398697,64.37374143997828,24
mnist,320,5,0,3,1,0.9656249999698242,0.6312499999802734,4816.568195104599,80.27613658507666,22
mnist,5120,2,0,4,1,0.585843373491035,0.585843373491035,96220.96772313118,1603.6827953855197,15
mnist,5120,3,0,3,2,0.9558232931678925,0.6089357429688307,66823.8295083046,1113.7304918050766,25
mnist,2560,4,0,3,2,0.9011044176661591,0.6992971887515096,30000.11083126068,500.00184718767804,15
mnist,2560,4,0,3,1,0.9618473895534044,0.6772088353379658,32548.834968090057,542.480582801501,21
mnist,320,5,0,4,1,0.6124999999808594,0.6124999999808594,6519.829513311386,108.66382522185644,19
mnist,320,5,0,4,3,0.8562499999732421,0.8562499999732421,6657.145122528076,110.95241870880128,32
mnist,320,5,0,4,2,0.8687499999728515,0.8687499999728515,7919.890230894089,131.9981705149015,19
mnist,640,5,0,3,2,0.954687499985083,0.5859374999908448,7444.257653236389,124.07096088727316,20
mnist,2560,4,0,3,3,0.9779116465814363,0.6741967871452099,33133.634137153625,552.2272356192271,16
mnist,640,5,0,3,3,0.9593749999850097,0.671874999989502,8102.771366596222,135.04618944327038,14
mnist,640,5,0,3,1,0.9484374999851807,0.6624999999896485,10337.752908468246,172.2958818078041,12
mnist,640,5,0,4,1,0.5968749999906738,0.5968749999906738,10439.158190011978,173.98596983353298,18
mnist,640,5,0,4,2,0.8765624999863036,0.8765624999863036,13655.882029056549,227.59803381760915,27
mnist,5120,2,0,4,3,0.8780120481883634,0.8780120481883634,109364.12035155296,1822.7353391925494,28
mnist,640,5,0,4,3,0.818749999987207,0.818749999987207,15537.959939718246,258.9659989953041,12
mnist,2560,4,0,4,2,0.9016064256982852,0.9016064256982852,42127.79827976227,702.1299713293712,15
mnist,1280,5,0,3,3,0.9843749999923097,0.6695312499947693,14724.293625116348,245.40489375193914,11
mnist,1280,5,0,3,2,0.9414062499926453,0.5578124999956421,15562.318516731262,259.3719752788544,18
mnist,1280,5,0,3,1,0.9664062499924501,0.6562499999948731,17629.097865581512,293.81829775969186,21
mnist,5120,3,0,4,1,0.585843373491035,0.585843373491035,83915.18475937843,1398.5864126563072,15
mnist,20,6,0,3,1,0.749999999625,0.549999999725,214.41513633728027,3.573585605621338,13
mnist,20,6,0,3,2,0.8499999995749999,0.49999999975,216.46307015419006,3.6077178359031676,32
mnist,20,6,0,3,3,0.89999999955,0.49999999975,319.38291335105896,5.323048555850983,32
mnist,20,6,0,4,1,0.549999999725,0.549999999725,283.7414581775665,4.729024302959442,32
mnist,20,6,0,4,3,0.749999999625,0.749999999625,314.4252669811249,5.240421116352081,32
mnist,20,6,0,4,2,0.5999999997,0.5999999997,514.055526971817,8.56759211619695,13
mnist,40,6,0,3,1,0.92499999976875,0.6499999998375,400.27982926368713,6.6713304877281185,13
mnist,40,6,0,3,3,0.92499999976875,0.72499999981875,399.68843054771423,6.661473842461904,24
mnist,40,6,0,3,2,0.6999999998249999,0.499999999875,767.4593832492828,12.790989720821381,13
mnist,40,6,0,4,1,0.6999999998249999,0.6999999998249999,525.1924169063568,8.75320694843928,53
mnist,40,6,0,4,2,0.92499999976875,0.92499999976875,733.877471446991,12.231291190783184,26
mnist,40,6,0,4,3,0.9499999997624999,0.9499999997624999,630.9760482311249,10.516267470518748,13
mnist,80,6,0,3,1,0.9624999998796876,0.724999999909375,1095.522545337677,18.258709088961282,8
mnist,2560,4,0,4,1,0.5983935742941848,0.5983935742941848,47697.09390091896,794.951565015316,15
mnist,80,6,0,3,2,0.8999999998875001,0.5374999999328125,865.4488701820374,14.42414783636729,17
mnist,80,6,0,3,3,0.9624999998796876,0.6874999999140625,1079.4547445774078,17.990912409623466,17
mnist,80,6,0,4,1,0.6124999999234375,0.6124999999234375,1125.904213666916,18.76507022778193,35
mnist,80,6,0,4,2,0.974999999878125,0.974999999878125,1170.0814106464386,19.50135684410731,17
mnist,80,6,0,4,3,0.8624999998921876,0.8624999998921876,1472.9556448459625,24.549260747432708,22
mnist,160,6,0,3,1,0.9624999999398437,0.6687499999582031,1710.1276454925537,28.502127424875894,32
mnist,160,6,0,3,2,0.8624999999460937,0.6312499999605469,1706.382264137268,28.439704402287802,21
mnist,1280,5,0,4,1,0.6007812499953065,0.6007812499953065,23924.3924806118,398.73987467686334,15
mnist,1280,5,0,4,2,0.8749999999931641,0.8749999999931641,23311.099937915802,388.5183322985967,18
mnist,160,6,0,3,3,0.9874999999382812,0.7062499999558594,1955.7271420955658,32.59545236825943,17
mnist,160,6,0,4,1,0.6124999999617187,0.6124999999617187,2638.8863310813904,43.98143885135651,21
mnist,160,6,0,4,2,0.9062499999433593,0.9062499999433593,3064.354216337204,51.07257027228673,21
mnist,160,6,0,4,3,0.9374999999414062,0.9374999999414062,3640.2495517730713,60.67082586288452,21
mnist,320,6,0,3,2,0.8968749999719726,0.6374999999800781,4411.92827296257,73.5321378827095,19
mnist,320,6,0,3,1,0.9656249999698242,0.6312499999802734,4935.407678842545,82.25679464737574,24
mnist,2560,4,0,4,3,0.8062248995943463,0.8062248995943463,56423.021968603134,940.3836994767189,26
mnist,1280,5,0,4,3,0.8921874999930298,0.8921874999930298,27819.48908519745,463.6581514199575,18
mnist,320,6,0,3,3,0.9749999999695312,0.6468749999797851,4962.686213970184,82.71143689950307,12
mnist,320,6,0,4,1,0.6124999999808594,0.6124999999808594,6458.279897928238,107.63799829880396,19
mnist,5120,3,0,4,2,0.8719879518028515,0.8719879518028515,94492.14518690109,1574.8690864483515,17
mnist,320,6,0,4,2,0.8687499999728515,0.8687499999728515,6154.72713637352,102.57878560622534,19
mnist,5120,4,0,3,3,0.9718875501959243,0.6691767068239499,58055.72100901604,967.5953501502673,9
mnist,320,6,0,4,3,0.8468749999735351,0.8468749999735351,6282.39221906662,104.70653698444366,19
mnist,2560,5,0,3,2,0.9603413654570264,0.6094377510009567,30567.073565006256,509.4512260834376,16
mnist,2560,5,0,3,3,0.9779116465814363,0.6731927710809579,32360.20600247383,539.3367667078971,16
mnist,640,6,0,3,1,0.9484374999851807,0.6624999999896485,8802.110315084457,146.70183858474095,12
mnist,640,6,0,3,3,0.9593749999850097,0.6703124999895264,8585.826597690582,143.09710996150972,14
mnist,5120,4,0,3,2,0.9226907630475769,0.7008032128478876,67071.59548854828,1117.859924809138,11
mnist,640,6,0,3,2,0.7249999999886718,0.6015624999906006,11374.944216012955,189.5824036002159,18
mnist,640,6,0,4,1,0.5968749999906738,0.5968749999906738,11279.457335472107,187.99095559120178,18
mnist,640,6,0,4,2,0.9078124999858154,0.9078124999858154,12459.904330968857,207.66507218281427,12
mnist,2560,5,0,4,1,0.5983935742941848,0.5983935742941848,39921.51048207283,665.3585080345472,12
mnist,2560,5,0,3,1,0.9618473895534044,0.6772088353379658,43233.40911102295,720.5568185170491,21
mnist,640,6,0,4,3,0.8562499999866211,0.8562499999866211,14270.232380867004,237.8372063477834,20
mnist,1280,6,0,3,2,0.8085937499936829,0.6437499999949707,14085.549629926682,234.75916049877802,12
mnist,5120,4,0,3,1,0.9457831325253726,0.6752008032094619,76795.19047641754,1279.9198412736257,17
mnist,1280,6,0,3,1,0.9664062499924501,0.6562499999948731,15880.04905629158,264.66748427152635,21
mnist,1280,6,0,3,3,0.9843749999923097,0.6695312499947693,19968.3692650795,332.80615441799165,11
mnist,5120,3,0,4,3,0.7058232931691475,0.7058232931691475,115990.11240124702,1933.1685400207837,37
mnist,20,7,0,3,1,0.8499999995749999,0.549999999725,321.4343762397766,5.357239603996277,13
mnist,20,7,0,3,2,0.8499999995749999,0.49999999975,311.4528548717499,5.190880914529164,13
mnist,2560,5,0,4,2,0.8805220883489934,0.8805220883489934,52275.654030799866,871.2609005133311,32
mnist,20,7,0,3,3,0.8499999995749999,0.49999999975,317.3414783477783,5.2890246391296385,13
mnist,20,7,0,4,1,0.549999999725,0.549999999725,315.1735956668854,5.252893261114756,47
mnist,20,7,0,4,2,0.649999999675,0.649999999675,402.0246014595032,6.700410024325053,13
mnist,20,7,0,4,3,0.749999999625,0.749999999625,346.63934230804443,5.77732237180074,28
mnist,40,7,0,3,1,0.92499999976875,0.6499999998375,511.17747139930725,8.519624523321788,13
mnist,40,7,0,3,2,0.59999999985,0.62499999984375,479.4283347129822,7.9904722452163695,13
mnist,40,7,0,3,3,0.92499999976875,0.72499999981875,520.0601568222046,8.667669280370076,24
mnist,40,7,0,4,1,0.6999999998249999,0.6999999998249999,621.8929600715637,10.364882667859396,48
mnist,1280,6,0,4,1,0.6007812499953065,0.6007812499953065,24674.310228586197,411.23850380976995,15
mnist,40,7,0,4,2,0.8499999997875,0.8499999997875,735.6767792701721,12.261279654502868,13
mnist,40,7,0,4,3,0.72499999981875,0.72499999981875,689.222249507904,11.4870374917984,59
mnist,2560,5,0,4,3,0.8463855421644259,0.8463855421644259,53041.6178290844,884.0269638180732,9
mnist,80,7,0,3,1,0.9624999998796876,0.724999999909375,1275.0520639419556,21.250867732365926,8
mnist,80,7,0,3,2,0.5999999999250001,0.54999999993125,1014.6724271774292,16.91120711962382,17
mnist,80,7,0,3,3,0.9499999998812501,0.7499999999062501,975.6083137989044,16.260138563315074,37
mnist,80,7,0,4,1,0.6124999999234375,0.6124999999234375,1228.7878637313843,20.479797728856404,25
mnist,80,7,0,4,2,0.974999999878125,0.974999999878125,1577.932214975357,26.298870249589285,17
mnist,80,7,0,4,3,0.874999999890625,0.874999999890625,1484.9348537921906,24.748914229869843,33
mnist,1280,6,0,4,3,0.8554687499933167,0.8554687499933167,25444.456715345383,424.0742785890897,18
mnist,160,7,0,3,1,0.9624999999398437,0.6687499999582031,1958.4482471942902,32.640804119904836,21
mnist,160,7,0,3,2,0.69999999995625,0.5812499999636719,1945.5939736366272,32.42656622727712,32
mnist,160,7,0,3,3,0.9812499999386718,0.7312499999542968,2646.198737859726,44.1033122976621,17
mnist,160,7,0,4,1,0.6124999999617187,0.6124999999617187,2942.0340490341187,49.03390081723531,21
mnist,160,7,0,4,2,0.9062499999433593,0.9062499999433593,3232.9704411029816,53.88284068504969,21
mnist,160,7,0,4,3,0.9437499999410156,0.9437499999410156,2966.7604529857635,49.446007549762726,27
mnist,1280,6,0,4,2,0.9054687499929261,0.9054687499929261,30780.326179504395,513.0054363250732,12
mnist,320,7,0,3,1,0.9656249999698242,0.6312499999802734,4127.766517877579,68.79610863129298,24
mnist,320,7,0,3,2,0.9218749999711914,0.5468749999829101,3949.2732598781586,65.8212209979693,19
mnist,320,7,0,3,3,0.9812499999693359,0.6687499999791016,5561.396465778351,92.68994109630584,9
mnist,320,7,0,4,1,0.6124999999808594,0.6124999999808594,6482.858080625534,108.04763467709223,19
mnist,2560,6,0,3,2,0.9603413654570264,0.6094377510009567,33157.40373110771,552.6233955184618,16
mnist,320,7,0,4,2,0.7749999999757813,0.7749999999757813,6326.786084651947,105.44643474419912,37
mnist,2560,6,0,3,1,0.9618473895534044,0.6772088353379658,36623.568053007126,610.3928008834521,21
mnist,320,7,0,4,3,0.8562499999732421,0.8562499999732421,7493.971482038498,124.89952470064163,32
mnist,640,7,0,3,1,0.9484374999851807,0.6624999999896485,8618.968214988708,143.6494702498118,12
mnist,5120,4,0,4,1,0.585843373491035,0.585843373491035,101390.85060691833,1689.8475101153056,17
mnist,640,7,0,3,2,0.9156249999856934,0.7031249999890137,8745.607845306396,145.76013075510662,31
mnist,5120,4,0,4,3,0.7670682730885188,0.7670682730885188,99091.9054479599,1651.5317574659982,22
mnist,5120,5,0,3,1,0.9452811244932466,0.6752008032094619,69004.91566896439,1150.0819278160732,17
mnist,5120,4,0,4,2,0.9031124497946631,0.9031124497946631,100782.87973546982,1679.7146622578302,17
mnist,5120,5,0,3,2,0.9558232931678925,0.6089357429688307,68213.54513502121,1136.8924189170202,17
mnist,640,7,0,3,3,0.9578124999850341,0.671874999989502,8599.971523284912,143.3328587214152,14
mnist,640,7,0,4,1,0.5968749999906738,0.5968749999906738,11742.91810464859,195.71530174414318,18
mnist,2560,6,0,4,1,0.5983935742941848,0.5983935742941848,43771.82301688194,729.5303836146991,16
mnist,640,7,0,4,2,0.8765624999863036,0.8765624999863036,13042.254214525223,217.37090357542039,27
mnist,640,7,0,4,3,0.8703124999864014,0.8703124999864014,13130.800565242767,218.84667608737945,46
mnist,2560,6,0,3,3,0.9774096385493103,0.673694779113084,47744.090242147446,795.7348373691241,16
mnist,5120,5,0,3,3,0.9533132530072626,0.6470883534104063,77461.77921772003,1291.0296536286671,17
mnist,1280,7,0,3,2,0.9414062499926453,0.5578124999956421,15310.19538283348,255.16992304722467,18
mnist,1280,7,0,3,1,0.9664062499924501,0.6562499999948731,15870.609214544296,264.5101535757383,21
mnist,2560,6,0,4,3,0.8855421686702534,0.8855421686702534,47793.57875585556,796.559645930926,16
mnist,20,8,0,3,1,0.8499999995749999,0.549999999725,195.73362827301025,3.2622271378835044,13
mnist,20,8,0,3,2,0.8499999995749999,0.49999999975,200.10644102096558,3.335107350349426,13
mnist,20,8,0,3,3,0.749999999625,0.549999999725,206.1017246246338,3.4350287437438967,32
mnist,20,8,0,4,1,0.549999999725,0.549999999725,273.23086500167847,4.553847750027974,60
mnist,20,8,0,4,2,0.6999999996499999,0.6999999996499999,288.2952902317047,4.804921503861745,32
mnist,20,8,0,4,3,0.549999999725,0.549999999725,301.9849991798401,5.0330833196640015,29
mnist,1280,7,0,3,3,0.9757812499923768,0.649218749994928,17202.669695854187,286.7111615975698,12
mnist,2560,6,0,4,2,0.9016064256982852,0.9016064256982852,50191.86695146561,836.5311158577601,7
mnist,40,8,0,3,1,0.97499999975625,0.62499999984375,403.7003130912781,6.7283385515213014,13
mnist,40,8,0,3,2,0.7499999998125,0.59999999985,412.7463011741638,6.879105019569397,13
mnist,40,8,0,3,3,0.92499999976875,0.72499999981875,458.95956778526306,7.649326129754384,24
mnist,40,8,0,4,1,0.6999999998249999,0.6999999998249999,538.1622233390808,8.96937038898468,48
mnist,40,8,0,4,2,0.77499999980625,0.77499999980625,565.4465756416321,9.424109594027202,13
mnist,40,8,0,4,3,0.9499999997624999,0.9499999997624999,671.0573432445526,11.184289054075878,13
mnist,80,8,0,3,1,0.9624999998796876,0.724999999909375,821.0253512859344,13.683755854765574,8
mnist,80,8,0,3,2,0.8999999998875001,0.6749999999156251,823.565798997879,13.726096649964651,17
mnist,80,8,0,3,3,0.9624999998796876,0.6999999999125001,925.2802393436432,15.421337322394054,17
mnist,5120,5,0,4,1,0.5853413654589089,0.5853413654589089,83483.44723153114,1391.3907871921858,11
mnist,80,8,0,4,1,0.6124999999234375,0.6124999999234375,1092.0264296531677,18.20044049421946,25
mnist,80,8,0,4,2,0.9374999998828126,0.9374999998828126,1448.6975960731506,24.14495993455251,36
mnist,80,8,0,4,3,0.7749999999031251,0.7749999999031251,1376.7153408527374,22.945255680878958,22
mnist,160,8,0,3,2,0.8624999999460937,0.6374999999601563,1628.8532917499542,27.147554862499238,21
mnist,160,8,0,3,1,0.9624999999398437,0.6687499999582031,2327.894470691681,38.79824117819468,21
mnist,160,8,0,3,3,0.9874999999382812,0.7062499999558594,1817.177447795868,30.2862907965978,17
mnist,1280,7,0,4,1,0.6007812499953065,0.6007812499953065,21803.713447332382,363.39522412220634,15
mnist,160,8,0,4,1,0.6124999999617187,0.6124999999617187,2765.783971786499,46.096399529774985,21
mnist,160,8,0,4,2,0.9062499999433593,0.9062499999433593,2279.7340455055237,37.99556742509206,21
mnist,160,8,0,4,3,0.9124999999429687,0.9124999999429687,3615.8146398067474,60.263577330112454,49
mnist,320,8,0,3,1,0.9656249999698242,0.6312499999802734,3331.313136577606,55.52188560962677,16
mnist,5120,6,0,3,2,0.9226907630475769,0.7008032128478876,58754.50963759422,979.2418272932371,11
mnist,1280,7,0,4,3,0.8578124999932984,0.8578124999932984,25202.079043149948,420.0346507191658,37
mnist,320,8,0,3,2,0.8937499999720703,0.6374999999800781,5105.636242389679,85.09393737316131,19
mnist,320,8,0,4,1,0.6124999999808594,0.6124999999808594,4346.902396440506,72.44837327400843,19
mnist,320,8,0,3,3,0.9781249999694336,0.6437499999798828,4818.660571098328,80.31100951830545,24
mnist,5120,6,0,3,3,0.9718875501959243,0.6691767068239499,58872.32990336418,981.205498389403,11
mnist,1280,7,0,4,2,0.9054687499929261,0.9054687499929261,28584.44330596924,476.40738843282065,12
mnist,2560,7,0,3,1,0.9618473895534044,0.6772088353379658,27952.217987775803,465.8702997962634,21
mnist,320,8,0,4,3,0.8562499999732421,0.8562499999732421,4985.9651074409485,83.09941845734915,31
mnist,320,8,0,4,2,0.899999999971875,0.899999999971875,6780.141633987427,113.00236056645711,24
mnist,640,8,0,3,1,0.9484374999851807,0.6624999999896485,6760.118678569794,112.66864464282989,12
mnist,2560,7,0,3,2,0.9603413654570264,0.6094377510009567,32355.622248649597,539.2603708108267,16
mnist,640,8,0,3,2,0.9156249999856934,0.7031249999890137,8789.952120780945,146.49920201301575,14
mnist,640,8,0,3,3,0.9515624999851319,0.6578124999897217,8411.187155485153,140.18645259141923,22
mnist,5120,5,0,4,3,0.7926706827269445,0.7926706827269445,101461.83983111382,1691.0306638518969,11
mnist,640,8,0,4,1,0.5968749999906738,0.5968749999906738,8987.156575202942,149.78594292004902,18
mnist,640,8,0,4,3,0.8624999999865234,0.8624999999865234,10815.785630702972,180.26309384504955,20
mnist,640,8,0,4,2,0.9078124999858154,0.9078124999858154,12308.475680828094,205.1412613471349,20
mnist,5120,5,0,4,2,0.9026104417625371,0.9026104417625371,106677.38319778442,1777.9563866297403,17
mnist,2560,7,0,3,3,0.9774096385493103,0.673694779113084,40230.206634521484,670.5034439086915,16
mnist,1280,8,0,3,2,0.8085937499936829,0.6437499999949707,15303.052246332169,255.0508707722028,12
mnist,1280,8,0,3,1,0.9664062499924501,0.6562499999948731,16879.280844449997,281.32134740749996,12
mnist,1280,8,0,3,3,0.9749999999923828,0.6617187499948304,17443.700300216675,290.7283383369446,23
mnist,5120,6,0,3,1,0.9457831325253726,0.6752008032094619,82108.89041614532,1368.4815069357553,17
mnist,1280,8,0,4,1,0.6007812499953065,0.6007812499953065,19728.750165224075,328.8125027537346,12
mnist,20,9,0,3,1,0.9499999995249999,0.549999999725,228.47960567474365,3.807993427912394,13
mnist,20,9,0,3,2,0.6999999996499999,0.549999999725,234.6776704788208,3.9112945079803465,32
mnist,20,9,0,3,3,0.749999999625,0.549999999725,233.06365036964417,3.884394172827403,32
mnist,20,9,0,4,1,0.449999999775,0.449999999775,299.0554633140564,4.98425772190094,60
mnist,20,9,0,4,2,0.6999999996499999,0.6999999996499999,314.6170461177826,5.243617435296376,13
mnist,20,9,0,4,3,0.749999999625,0.749999999625,334.75670409202576,5.579278401533762,28
mnist,40,9,0,3,1,0.92499999976875,0.67499999983125,459.0715491771698,7.651192486286163,24
mnist,40,9,0,3,2,0.59999999985,0.62499999984375,464.33702278137207,7.738950379689535,13
mnist,2560,7,0,4,1,0.5983935742941848,0.5983935742941848,51861.354398965836,864.3559066494306,16
mnist,40,9,0,3,3,0.99999999975,0.6499999998375,466.98414421081543,7.783069070180257,24
mnist,40,9,0,4,1,0.6999999998249999,0.6999999998249999,628.7552478313446,10.47925413052241,53
mnist,40,9,0,4,2,0.9499999997624999,0.9499999997624999,631.4361910820007,10.523936518033345,13
mnist,40,9,0,4,3,0.7499999998125,0.7499999998125,704.5624816417694,11.742708027362823,42
mnist,1280,8,0,4,2,0.9054687499929261,0.9054687499929261,22317.305679559708,371.95509465932844,12
mnist,80,9,0,3,1,0.9124999998859376,0.5624999999296876,924.1843910217285,15.403073183695476,17
mnist,80,9,0,3,2,0.5999999999250001,0.54999999993125,982.4833736419678,16.374722894032796,17
mnist,80,9,0,3,3,0.9499999998812501,0.7499999999062501,919.770836353302,15.3295139392217,37
mnist,2560,7,0,4,2,0.8925702811200172,0.8925702811200172,49945.460946798325,832.4243491133054,9
mnist,80,9,0,4,1,0.6124999999234375,0.6124999999234375,1210.5972340106964,20.17662056684494,26
mnist,80,9,0,4,2,0.9374999998828126,0.9374999998828126,1419.4532401561737,23.657554002602897,17
mnist,80,9,0,4,3,0.8124999998984376,0.8124999998984376,1225.5566112995148,20.425943521658578,35
mnist,160,9,0,3,1,0.9624999999398437,0.6687499999582031,1724.2951741218567,28.738252902030943,21
mnist,160,9,0,3,2,0.8624999999460937,0.6374999999601563,1915.0112500190735,31.916854166984557,21
mnist,160,9,0,3,3,0.9749999999390625,0.69999999995625,2836.444744825363,47.274079080422716,32
mnist,160,9,0,4,1,0.6124999999617187,0.6124999999617187,3076.147438764572,51.269123979409535,21
mnist,160,9,0,4,2,0.9062499999433593,0.9062499999433593,3047.899820327759,50.79833033879598,21
mnist,1280,8,0,4,3,0.8570312499933045,0.8570312499933045,27627.988825321198,460.46648042201997,18
mnist,160,9,0,4,3,0.9374999999414062,0.9374999999414062,3619.2823300361633,60.32137216726939,21
mnist,2560,7,0,4,3,0.8514056224856857,0.8514056224856857,56250.41310834885,937.5068851391475,26
mnist,5120,6,0,4,1,0.585843373491035,0.585843373491035,94521.11656451225,1575.351942741871,15
mnist,320,9,0,3,1,0.9406249999706054,0.5718749999821289,4090.3412573337555,68.17235428889593,16
mnist,320,9,0,3,2,0.9218749999711914,0.5468749999829101,4869.953589439392,81.1658931573232,19
mnist,320,9,0,3,3,0.9812499999693359,0.6312499999802734,4318.611448287964,71.97685747146606,38
mnist,5120,6,0,4,2,0.8719879518028515,0.8719879518028515,96552.48414349556,1609.2080690582593,9
mnist,2560,8,0,3,1,0.9618473895534044,0.6772088353379658,31458.733149766922,524.3122191627821,13
mnist,2560,8,0,3,2,0.9011044176661591,0.6992971887515096,32187.37228536606,536.456204756101,15
mnist,320,9,0,4,1,0.6124999999808594,0.6124999999808594,5672.104533672333,94.53507556120555,19
mnist,2560,8,0,3,3,0.9623493975855304,0.665662650599068,31573.00874519348,526.2168124198913,16
mnist,320,9,0,4,2,0.8968749999719726,0.8968749999719726,5453.54626750946,90.89243779182434,9
mnist,320,9,0,4,3,0.8562499999732421,0.8562499999732421,6573.273982524872,109.55456637541452,22
mnist,640,9,0,3,1,0.9515624999851319,0.6203124999903076,7590.624691963196,126.51041153271993,12
mnist,640,9,0,3,3,0.9718749999848144,0.664062499989624,7804.9018087387085,130.0816968123118,47
mnist,640,9,0,3,2,0.9531249999851074,0.5859374999908448,10092.097968816757,168.20163281361263,20
mnist,640,9,0,4,2,0.917187499985669,0.917187499985669,9658.215885162354,160.9702647527059,20
mnist,5120,7,0,3,1,0.9457831325253726,0.6752008032094619,69432.23023176193,1157.2038371960323,17
mnist,640,9,0,4,1,0.5968749999906738,0.5968749999906738,12241.397645711899,204.0232940951983,18
mnist,640,9,0,4,3,0.818749999987207,0.818749999987207,11684.987399101257,194.74978998502095,20
mnist,5120,7,0,3,2,0.9558232931678925,0.6089357429688307,72382.4392926693,1206.373988211155,17
mnist,2560,8,0,4,2,0.8925702811200172,0.8925702811200172,43609.30041861534,726.8216736435891,16
mnist,2560,8,0,4,1,0.5983935742941848,0.5983935742941848,46352.301396369934,772.5383566061656,13
mnist,1280,9,0,3,1,0.9421874999926393,0.5992187499953187,15070.666181087494,251.17776968479157,12
mnist,1280,9,0,3,3,0.9749999999923828,0.6617187499948304,15240.240639448166,254.00401065746942,12
mnist,1280,9,0,3,2,0.9414062499926453,0.5578124999956421,16503.9330534935,275.0655508915583,18
mnist,2560,8,0,4,3,0.8855421686702534,0.8855421686702534,46634.84619832039,777.2474366386731,57
mnist,20,10,0,3,1,0.7999999996,0.549999999725,313.7181227207184,5.22863537867864,13
mnist,20,10,0,3,2,0.6999999996499999,0.549999999725,245.59930038452148,4.093321673075358,32
mnist,20,10,0,3,3,0.8499999995749999,0.549999999725,279.9830186367035,4.666383643945058,13
mnist,20,10,0,4,1,0.549999999725,0.549999999725,351.87763595581055,5.864627265930176,60
mnist,20,10,0,4,2,0.649999999675,0.649999999675,370.78775811195374,6.179795968532562,29
mnist,5120,7,0,3,3,0.9718875501959243,0.6912650602374937,78786.936804533,1313.1156134088835,9
mnist,20,10,0,4,3,0.6999999996499999,0.6999999996499999,370.6447424888611,6.1774123748143515,32
mnist,40,10,0,3,1,0.92499999976875,0.6499999998375,517.3657958507538,8.62276326417923,13
mnist,40,10,0,3,2,0.7499999998125,0.6499999998375,570.3054802417755,9.505091337362925,23
mnist,40,10,0,3,3,0.9499999997624999,0.72499999981875,524.2591779232025,8.737652965386708,23
mnist,40,10,0,4,1,0.6999999998249999,0.6999999998249999,685.0968308448792,11.418280514081319,53
mnist,40,10,0,4,2,0.899999999775,0.899999999775,693.9035658836365,11.56505943139394,13
mnist,40,10,0,4,3,0.77499999980625,0.77499999980625,767.676807641983,12.794613460699717,23
mnist,80,10,0,3,1,0.9499999998812501,0.7374999999078126,867.8282494544983,14.463804157574971,44
mnist,80,10,0,3,2,0.8999999998875001,0.6624999999171876,1068.7498569488525,17.81249761581421,26
mnist,80,10,0,3,3,0.974999999878125,0.7374999999078126,891.0109264850616,14.850182108084361,8
mnist,80,10,0,4,1,0.6124999999234375,0.6124999999234375,1364.8793008327484,22.747988347212473,35
mnist,1280,9,0,4,1,0.6007812499953065,0.6007812499953065,24638.512034893036,410.64186724821724,12
mnist,80,10,0,4,2,0.9249999998843751,0.9249999998843751,1412.548318862915,23.542471981048585,17
mnist,80,10,0,4,3,0.7749999999031251,0.7749999999031251,1436.6150679588318,23.94358446598053,22
mnist,160,10,0,3,2,0.8624999999460937,0.6374999999601563,2035.5898706912994,33.92649784485499,17
mnist,160,10,0,3,1,0.9624999999398437,0.6687499999582031,2473.4311017990112,41.223851696650186,32
mnist,160,10,0,3,3,0.9874999999382812,0.7062499999558594,1706.242970943451,28.437382849057517,17
mnist,5120,6,0,4,3,0.8664658634494656,0.8664658634494656,121450.5779414177,2024.1762990236282,44
mnist,160,10,0,4,1,0.6124999999617187,0.6124999999617187,2605.5931446552277,43.42655241092046,21
mnist,1280,9,0,4,3,0.8578124999932984,0.8578124999932984,25787.950890302658,429.7991815050443,37
mnist,1280,9,0,4,2,0.9054687499929261,0.9054687499929261,29482.950999498367,491.38251665830614,18
mnist,160,10,0,4,3,0.8624999999460937,0.8624999999460937,2789.130556344986,46.48550927241643,39
mnist,160,10,0,4,2,0.9062499999433593,0.9062499999433593,3415.9034390449524,56.93172398408254,21
mnist,320,10,0,3,1,0.9656249999698242,0.6312499999802734,4468.292184114456,74.4715364019076,24
mnist,2560,9,0,3,1,0.9563253012000185,0.6260040160611144,27733.181265830994,462.2196877638499,13
mnist,320,10,0,3,2,0.8968749999719726,0.6374999999800781,3703.572035551071,61.726200592517856,24
mnist,320,10,0,3,3,0.9874999999691406,0.6437499999798828,4428.8273384571075,73.81378897428513,24
mnist,320,10,0,4,2,0.8968749999719726,0.8968749999719726,5109.675932645798,85.16126554409662,19
mnist,320,10,0,4,3,0.8468749999735351,0.8468749999735351,6775.5337862968445,112.92556310494741,28
mnist,320,10,0,4,1,0.6124999999808594,0.6124999999808594,7424.242470026016,123.7373745004336,19
mnist,5120,8,0,3,1,0.9452811244932466,0.6752008032094619,66354.76999926567,1105.9128333210945,11
mnist,640,10,0,3,2,0.917187499985669,0.7031249999890137,6595.984431505203,109.93307385842006,14
mnist,5120,7,0,4,1,0.585843373491035,0.585843373491035,97981.56205892563,1633.026034315427,15
mnist,640,10,0,3,3,0.9593749999850097,0.6703124999895264,7061.488263845444,117.69147106409073,14
mnist,2560,9,0,3,3,0.9653614457782864,0.6596385542135561,32245.097766160965,537.4182961026828,26
mnist,640,10,0,3,1,0.9484374999851807,0.6624999999896485,8961.4780626297,149.357967710495,20
mnist,2560,9,0,3,2,0.9603413654570264,0.6094377510009567,35793.802662849426,596.5633777141571,16
s




mnist,5120,8,0,3,3,0.9568273092321445,0.6636546184705641,67826.95012879372,1130.4491688132287,17
mnist,640,10,0,4,1,0.5968749999906738,0.5968749999906738,10203.791726589203,170.06319544315338,18
mnist,5120,7,0,4,3,0.8785140562204894,0.8785140562204894,101043.94563150406,1684.0657605250676,28
mnist,5120,7,0,4,2,0.8719879518028515,0.8719879518028515,101864.87617516518,1697.7479362527529,9
mnist,640,10,0,4,2,0.8765624999863036,0.8765624999863036,10168.041534900665,169.4673589150111,27
s




mnist,2560,9,0,4,1,0.5978915662620589,0.5978915662620589,38683.65749359131,644.7276248931885,15
mnist,5120,8,0,3,2,0.9226907630475769,0.7008032128478876,74143.460490942,1235.7243415157,11
mnist,640,10,0,4,3,0.8140624999872803,0.8140624999872803,10268.512508392334,171.14187513987224,20
mnist,1280,10,0,3,1,0.9664062499924501,0.6562499999948731,13518.084678888321,225.30141131480534,21
mnist,1280,10,0,3,2,0.8085937499936829,0.6437499999949707,13903.949226856232,231.73248711427053,15
mnist,1280,10,0,3,3,0.9851562499923036,0.6695312499947693,13260.911224842072,221.0151870807012,11
mnist,2560,9,0,4,2,0.9016064256982852,0.9016064256982852,43339.861731767654,722.3310288627943,16
mnist,2560,9,0,4,3,0.8709839357385996,0.8709839357385996,47452.83819770813,790.8806366284688,16
mnist,1280,10,0,4,1,0.6007812499953065,0.6007812499953065,17951.37374830246,299.1895624717077,15
mnist,1280,10,0,4,2,0.9054687499929261,0.9054687499929261,19844.55611562729,330.7426019271215,12
mnist,5120,8,0,4,1,0.585843373491035,0.585843373491035,85588.01542592049,1426.4669237653413,11
mnist,1280,10,0,4,3,0.9187499999928224,0.9187499999928224,23851.675060272217,397.5279176712036,29
mnist,5120,8,0,4,2,0.9031124497946631,0.9031124497946631,89507.71206641197,1491.7952011068662,17
mnist,2560,10,0,3,1,0.9618473895534044,0.6772088353379658,28148.55736064911,469.1426226774851,21
mnist,2560,10,0,3,3,0.9703815260995463,0.657128514052926,27366.30899786949,456.10514996449155,30
mnist,5120,9,0,3,2,0.9558232931678925,0.6089357429688307,57486.787771463394,958.1131295243899,17
mnist,2560,10,0,3,2,0.9011044176661591,0.6992971887515096,33545.62173867226,559.0936956445377,15
mnist,5120,9,0,3,1,0.9618473895534044,0.6531124497959181,66356.27598023415,1105.9379330039023,11
mnist,5120,8,0,4,3,0.8664658634494656,0.8664658634494656,97309.51710939407,1621.8252851565678,46
mnist,5120,9,0,3,3,0.9718875501959243,0.6691767068239499,64540.143637657166,1075.6690606276195,17
mnist,2560,10,0,4,2,0.8920682730878913,0.8920682730878913,40300.13152933121,671.6688588221867,9
mnist,2560,10,0,4,1,0.5983935742941848,0.5983935742941848,40963.74945998192,682.7291576663653,16
mnist,2560,10,0,4,3,0.8885542168630093,0.8885542168630093,44411.93011879921,740.1988353133202,17
mnist,5120,9,0,4,1,0.585843373491035,0.585843373491035,81075.50176334381,1351.258362722397,11
mnist,5120,9,0,4,2,0.8734939758992295,0.8734939758992295,81166.83027219772,1352.7805045366288,17
mnist,5120,10,0,3,1,0.9457831325253726,0.6752008032094619,55155.18655538559,919.2531092564265,17
mnist,5120,9,0,4,3,0.8785140562204894,0.8785140562204894,90281.0346930027,1504.683911550045,17
mnist,5120,10,0,3,2,0.9226907630475769,0.7008032128478876,59760.97959399223,996.0163265665373,11
mnist,5120,10,0,3,3,0.9718875501959243,0.669678714856076,61818.919091939926,1030.3153181989987,9
mnist,5120,10,0,4,1,0.585843373491035,0.585843373491035,70998.79250407219,1183.3132084012032,15
mnist,5120,10,0,4,2,0.8719879518028515,0.8719879518028515,75740.15211987495,1262.3358686645827,9
mnist,5120,10,0,4,3,0.8664658634494656,0.8664658634494656,79797.05234599113,1329.9508724331856,46
