dataset,N,seed,p_err,non_equivariance,reps,val_acc,val_aug_acc,training_time,epoch_time,convergence_epoch
mnist,320,1,0,3,2,0.9218749999711914,0.5468749999829101,8437.211442232132,140.62019070386887,19
mnist,320,2,0,3,2,0.7593749999762696,0.518749999983789,10926.463829994202,182.10773049990337,38
mnist,320,1,0.005,3,2,0.9218749999711914,0.5343749999833007,12594.375663995743,209.9062610665957,19
mnist,320,1,0.015,3,2,0.9249999999710937,0.5343749999833007,12950.926877498627,215.84878129164377,19
mnist,320,1,0.04,3,2,0.909374999971582,0.47499999998515624,13520.811626672745,225.34686044454574,19
mnist,320,1,0.02,3,2,0.9281249999709961,0.5218749999836914,14465.331384420395,241.08885640700657,19
mnist,320,1,0.035,3,2,0.9218749999711914,0.4874999999847656,14734.331187725067,245.57218646208446,19
mnist,320,1,0.025,3,2,0.9249999999710937,0.509374999984082,15407.286992073059,256.78811653455097,19
mnist,320,1,0.03,3,2,0.9249999999710937,0.499999999984375,16186.107491970062,269.768458199501,19
mnist,320,1,0.001,3,2,0.9218749999711914,0.5468749999829101,16167.716037988663,269.4619339664777,19
mnist,320,1,0.01,3,2,0.9249999999710937,0.5343749999833007,16874.541120290756,281.24235200484594,19
mnist,320,1,0.05,3,2,0.9062499999716797,0.47499999998515624,17474.520486354828,291.2420081059138,16
mnist,320,2,0.001,3,2,0.7593749999762696,0.518749999983789,10714.381708860397,178.57302848100662,32
mnist,320,2,0.005,3,2,0.8906249999721679,0.6374999999800781,11496.577619552612,191.60962699254353,19
mnist,320,3,0,3,2,0.7593749999762696,0.5124999999839843,5756.713964939117,95.94523274898529,9
mnist,320,2,0.01,3,2,0.8562499999732421,0.6343749999801758,10745.398596048355,179.08997660080593,19
mnist,320,2,0.015,3,2,0.8468749999735351,0.618749999980664,10796.468168735504,179.94113614559174,19
mnist,320,2,0.02,3,2,0.828124999974121,0.6218749999805664,10695.288765192032,178.25481275320053,19
mnist,320,2,0.025,3,2,0.7968749999750976,0.5968749999813476,10379.605389118195,172.99342315196992,16
mnist,320,2,0.03,3,2,0.7562499999763672,0.609374999980957,10407.069603681564,173.45116006135942,16
mnist,320,2,0.04,3,2,0.6406249999799805,0.5218749999836914,9379.563080072403,156.32605133454004,16
mnist,320,2,0.035,3,2,0.6937499999783203,0.5781249999819336,10214.926825761795,170.24878042936325,16
mnist,320,2,0.05,3,2,0.7249999999773438,0.4656249999854492,9776.514152050018,162.94190253416699,37
mnist,320,3,0.001,3,2,0.7562499999763672,0.518749999983789,9158.688656806946,152.64481094678243,9
mnist,320,3,0.005,3,2,0.9218749999711914,0.5343749999833007,9145.74264717102,152.42904411951702,9
mnist,320,4,0,3,2,0.8968749999719726,0.6374999999800781,5654.721377134323,94.24535628557206,19
mnist,320,3,0.01,3,2,0.9249999999710937,0.5343749999833007,9255.45193696022,154.25753228267033,9
mnist,320,3,0.02,3,2,0.9281249999709961,0.5218749999836914,8460.340911149979,141.00568185249963,9
mnist,320,3,0.015,3,2,0.9249999999710937,0.5343749999833007,9386.979752063751,156.44966253439586,9
mnist,320,3,0.025,3,2,0.9249999999710937,0.509374999984082,9321.102731227875,155.35171218713126,9
mnist,320,3,0.03,3,2,0.9249999999710937,0.499999999984375,9289.271221399307,154.82118702332178,23
mnist,320,3,0.035,3,2,0.9218749999711914,0.4874999999847656,9291.05906200409,154.85098436673482,23
mnist,320,3,0.05,3,2,0.9062499999716797,0.47499999998515624,8558.948920249939,142.64914867083232,23
mnist,320,3,0.04,3,2,0.909374999971582,0.47499999998515624,9424.59123659134,157.07652060985566,23
mnist,320,4,0.001,3,2,0.8968749999719726,0.6374999999800781,9301.001723766327,155.01669539610546,19
mnist,320,4,0.005,3,2,0.8906249999721679,0.6374999999800781,9392.750695705414,156.54584492842358,24
mnist,320,4,0.01,3,2,0.8562499999732421,0.6343749999801758,9193.917780399323,153.23196300665538,24
mnist,320,5,0,3,2,0.9218749999711914,0.5499999999828125,5478.815261125565,91.31358768542607,16
mnist,320,4,0.015,3,2,0.8468749999735351,0.618749999980664,8478.813569784164,141.31355949640275,24
mnist,320,4,0.025,3,2,0.7968749999750976,0.59999999998125,8441.50471496582,140.69174524943034,24
mnist,320,4,0.02,3,2,0.828124999974121,0.6218749999805664,8920.307264566422,148.6717877427737,24
mnist,320,4,0.03,3,2,0.7562499999763672,0.6062499999810547,9369.64943933487,156.1608239889145,24
mnist,320,4,0.035,3,2,0.6937499999783203,0.5781249999819336,9143.660956382751,152.39434927304586,9
mnist,320,4,0.05,3,2,0.6874999999785156,0.5312499999833984,8201.325068950653,136.68875114917756,9
mnist,320,4,0.04,3,2,0.7999999999749999,0.6249999999804687,9038.246611356735,150.63744352261224,9
mnist,320,5,0.001,3,2,0.9218749999711914,0.5468749999829101,9353.747230052948,155.89578716754914,16
mnist,320,5,0.005,3,2,0.9218749999711914,0.5343749999833007,9030.180490970612,150.50300818284353,16
mnist,320,5,0.01,3,2,0.9249999999710937,0.5343749999833007,9165.02158999443,152.7503598332405,16
mnist,320,5,0.015,3,2,0.9249999999710937,0.5343749999833007,8822.776197195053,147.04626995325089,16
mnist,320,6,0,3,2,0.8968749999719726,0.6374999999800781,5261.783606767654,87.69639344612757,19
mnist,320,5,0.025,3,2,0.9249999999710937,0.509374999984082,7955.822259902954,132.59703766504924,16
mnist,320,5,0.03,3,2,0.9249999999710937,0.5031249999842773,7981.908935308456,133.03181558847427,16
mnist,320,5,0.02,3,2,0.9281249999709961,0.5218749999836914,8682.402682065964,144.70671136776608,16
mnist,320,5,0.035,3,2,0.9218749999711914,0.4874999999847656,8548.622792005539,142.47704653342564,16
mnist,320,5,0.04,3,2,0.909374999971582,0.47499999998515624,8821.473041296005,147.02455068826674,16
mnist,320,6,0.001,3,2,0.8968749999719726,0.6374999999800781,8159.891605854034,135.99819343090059,19
mnist,320,5,0.05,3,2,0.9062499999716797,0.47499999998515624,8827.401139736176,147.12335232893625,16
mnist,320,6,0.005,3,2,0.8906249999721679,0.6374999999800781,8827.750868320465,147.12918113867443,19
mnist,320,6,0.01,3,2,0.8562499999732421,0.6343749999801758,8804.73763847351,146.74562730789185,19
mnist,320,6,0.015,3,2,0.8468749999735351,0.618749999980664,8845.87771320343,147.43129522005717,19
mnist,320,6,0.02,3,2,0.828124999974121,0.6218749999805664,8627.051907539368,143.78419845898947,19
mnist,320,6,0.03,3,2,0.7562499999763672,0.609374999980957,7843.937092065811,130.73228486776352,19
mnist,320,7,0,3,2,0.9218749999711914,0.5468749999829101,5512.836217403412,91.8806036233902,19
mnist,320,6,0.025,3,2,0.7968749999750976,0.59999999998125,8172.342148542404,136.20570247570674,19
mnist,320,6,0.035,3,2,0.6937499999783203,0.5781249999819336,7941.3471076488495,132.35578512748083,19
mnist,320,6,0.04,3,2,0.6312499999802734,0.518749999983789,8472.43115234375,141.20718587239583,19
mnist,320,6,0.05,3,2,0.7249999999773438,0.4656249999854492,8580.960475444794,143.0160079240799,37
mnist,320,7,0.001,3,2,0.9218749999711914,0.5437499999830078,8258.288447618484,137.6381407936414,19
mnist,320,7,0.005,3,2,0.9218749999711914,0.5343749999833007,8882.498178958893,148.04163631598155,19
mnist,320,7,0.01,3,2,0.9249999999710937,0.5343749999833007,8267.5784637928,137.79297439654667,19
mnist,320,8,0,3,2,0.8937499999720703,0.6374999999800781,5131.759389400482,85.5293231566747,19
mnist,320,7,0.015,3,2,0.9249999999710937,0.5343749999833007,8990.324595689774,149.83874326149623,19
mnist,320,7,0.02,3,2,0.9281249999709961,0.5218749999836914,9082.742797613144,151.37904662688572,19
mnist,320,7,0.03,3,2,0.9249999999710937,0.499999999984375,7676.851160764694,127.94751934607824,19
mnist,320,7,0.04,3,2,0.909374999971582,0.47499999998515624,7981.5054659843445,133.0250910997391,19
mnist,320,7,0.025,3,2,0.9249999999710937,0.509374999984082,8854.643000364304,147.57738333940506,19
mnist,320,7,0.05,3,2,0.9593749999700195,0.5406249999831054,8137.218894004822,135.62031490008036,37
mnist,320,7,0.035,3,2,0.9218749999711914,0.4874999999847656,9064.09874844551,151.06831247409184,19
mnist,320,8,0.001,3,2,0.8968749999719726,0.6374999999800781,9345.395847797394,155.7565974632899,19
mnist,320,8,0.005,3,2,0.8906249999721679,0.6374999999800781,8445.053367376328,140.75088945627212,19
mnist,320,8,0.01,3,2,0.8562499999732421,0.6343749999801758,8926.29423546791,148.77157059113185,16
mnist,320,8,0.015,3,2,0.8468749999735351,0.618749999980664,8316.607535362244,138.61012558937074,16
mnist,320,9,0,3,2,0.9218749999711914,0.5468749999829101,5176.746333599091,86.27910555998484,19
mnist,320,8,0.02,3,2,0.828124999974121,0.6218749999805664,8195.817524671555,136.59695874452592,16
mnist,320,8,0.025,3,2,0.7968749999750976,0.5968749999813476,8531.447214841843,142.19078691403072,16
mnist,320,8,0.035,3,2,0.6937499999783203,0.5781249999819336,7614.180470228195,126.90300783713658,16
mnist,320,8,0.04,3,2,0.6281249999803711,0.518749999983789,7925.579100370407,132.09298500617345,19
mnist,320,8,0.03,3,2,0.7562499999763672,0.609374999980957,9204.851139307022,153.41418565511702,16
mnist,320,8,0.05,3,2,0.6624999999792969,0.5062499999841796,8945.900639295578,149.09834398825964,16
mnist,320,9,0.001,3,2,0.9218749999711914,0.5437499999830078,9125.33143401146,152.08885723352432,19
mnist,320,9,0.01,3,2,0.9249999999710937,0.5343749999833007,8341.952399969101,139.032539999485,16
mnist,320,9,0.005,3,2,0.9218749999711914,0.5343749999833007,9368.110458374023,156.13517430623372,16
mnist,320,9,0.015,3,2,0.9249999999710937,0.5343749999833007,8582.924413919449,143.04874023199082,16
mnist,320,9,0.02,3,2,0.9281249999709961,0.5218749999836914,8351.842273950577,139.19737123250962,16
mnist,320,9,0.025,3,2,0.9249999999710937,0.509374999984082,8189.668650627136,136.49447751045227,16
mnist,320,10,0,3,2,0.8968749999719726,0.6374999999800781,5669.586473464966,94.49310789108276,24
mnist,320,9,0.03,3,2,0.9249999999710937,0.5031249999842773,8328.995913743973,138.81659856239955,16
mnist,320,9,0.04,3,2,0.909374999971582,0.47499999998515624,7620.876627206802,127.0146104534467,16
mnist,320,9,0.035,3,2,0.9218749999711914,0.4874999999847656,8439.49261713028,140.65821028550465,16
mnist,320,9,0.05,3,2,0.9062499999716797,0.47499999998515624,7943.519374132156,132.39198956886926,16
mnist,320,10,0.001,3,2,0.8968749999719726,0.6374999999800781,8895.914808511734,148.2652468085289,24
mnist,320,10,0.005,3,2,0.8906249999721679,0.6374999999800781,8906.88106393814,148.44801773230236,24
mnist,320,10,0.01,3,2,0.8562499999732421,0.6343749999801758,8073.546753168106,134.55911255280176,24
mnist,320,10,0.02,3,2,0.828124999974121,0.6218749999805664,7880.281900167465,131.33803166945776,24
mnist,320,10,0.015,3,2,0.8468749999735351,0.618749999980664,9060.668430805206,151.01114051342012,24
mnist,320,10,0.03,3,2,0.7562499999763672,0.6062499999810547,7917.459483385086,131.9576580564181,24
mnist,320,10,0.025,3,2,0.7968749999750976,0.59999999998125,8078.543302297592,134.64238837162654,24
mnist,320,10,0.05,3,2,0.6874999999785156,0.5312499999833984,7622.779819726944,127.0463303287824,9
mnist,320,10,0.035,3,2,0.690624999978418,0.5812499999818359,8720.424666881561,145.3404111146927,9
mnist,320,10,0.04,3,2,0.7999999999749999,0.6249999999804687,8270.683490753174,137.84472484588622,9
mnist,320,7,0.045,3,2,0.7187499999775391,0.4656249999854492,8236.751098871231,137.27918498118717,34
mnist,320,9,0.045,3,2,0.909374999971582,0.4718749999852539,8412.701178073883,140.2116863012314,16
mnist,320,2,0.045,3,2,0.7187499999775391,0.4656249999854492,8716.060178279877,145.26766963799795,24
mnist,320,5,0.045,3,2,0.909374999971582,0.4718749999852539,8780.141862630844,146.33569771051407,16
mnist,320,1,0.045,3,2,0.909374999971582,0.4718749999852539,8789.615771055222,146.4935961842537,16
mnist,320,6,0.045,3,2,0.7187499999775391,0.4656249999854492,8796.668161869049,146.6111360311508,24
mnist,320,4,0.045,3,2,0.7593749999762696,0.5624999999824218,8826.503019094467,147.10838365157446,9
mnist,320,10,0.045,3,2,0.7593749999762696,0.5624999999824218,8850.214061498642,147.50356769164404,9
mnist,320,8,0.045,3,2,0.7187499999775391,0.47499999998515624,8870.993553161621,147.8498925526937,24
mnist,320,3,0.045,3,2,0.909374999971582,0.4718749999852539,8980.821524620056,149.6803587436676,23
mnist,320,1,0,4,2,0.8687499999728515,0.8687499999728515,37637.09538578987,627.2849230964979,9
mnist,320,1,0.001,4,2,0.8687499999728515,0.8687499999728515,68309.25553274155,1138.487592212359,9
mnist,320,1,0.005,4,2,0.8656249999729492,0.8656249999729492,66126.09844565392,1102.1016407608986,9
mnist,320,1,0.01,4,2,0.8656249999729492,0.8656249999729492,66985.19018626213,1116.419836437702,9
mnist,320,1,0.015,4,2,0.8593749999731445,0.8593749999731445,72192.41272473335,1203.206878745556,19
mnist,320,1,0.02,4,2,0.8656249999729492,0.8656249999729492,75027.10070967674,1250.4516784946125,19
mnist,320,1,0.025,4,2,0.8562499999732421,0.8562499999732421,71952.01574349403,1199.2002623915673,19
mnist,320,1,0.03,4,2,0.8531249999733398,0.8531249999733398,68381.40275239944,1139.6900458733242,19
mnist,320,1,0.035,4,2,0.8781249999725586,0.8781249999725586,73409.59353160858,1223.4932255268097,24
mnist,320,1,0.04,4,2,0.8906249999721679,0.8906249999721679,73599.08309102058,1226.651384850343,19
mnist,320,1,0.045,4,2,0.8906249999721679,0.8906249999721679,74289.27667093277,1238.1546111822129,19
mnist,320,1,0.05,4,2,0.8874999999722656,0.8874999999722656,73595.47307014465,1226.5912178357441,24
mnist,320,2,0.001,4,2,0.8531249999733398,0.8531249999733398,69531.25482344627,1158.854247057438,9
mnist,320,2,0.005,4,2,0.8968749999719726,0.8968749999719726,70498.87357759476,1174.981226293246,19
mnist,320,2,0.01,4,2,0.8937499999720703,0.8937499999720703,68876.28833460808,1147.9381389101347,19
mnist,320,2,0.015,4,2,0.8718749999727539,0.8718749999727539,69153.09436798096,1152.5515727996826,19
mnist,320,2,0.02,4,2,0.8874999999722656,0.8874999999722656,68858.4016418457,1147.640027364095,34
mnist,320,2,0.025,4,2,0.8718749999727539,0.8718749999727539,74161.63281989098,1236.0272136648496,24
mnist,320,2,0.03,4,2,0.8749999999726562,0.8749999999726562,73716.12234854698,1228.6020391424497,24
mnist,320,2,0.035,4,2,0.8781249999725586,0.8781249999725586,73675.52481484413,1227.9254135807355,24
mnist,320,2,0.04,4,2,0.8749999999726562,0.8749999999726562,75987.1869354248,1266.4531155904135,19
mnist,320,2,0.045,4,2,0.8781249999725586,0.8781249999725586,75270.50224542618,1254.508370757103,19
mnist,320,2,0.05,4,2,0.8749999999726562,0.8749999999726562,74434.07196426392,1240.5678660710653,16
mnist,320,3,0,4,2,0.8687499999728515,0.8687499999728515,36793.7605407238,613.2293423453967,24
mnist,320,3,0.001,4,2,0.8687499999728515,0.8687499999728515,70926.3572499752,1182.1059541662535,24
mnist,320,3,0.005,4,2,0.8656249999729492,0.8656249999729492,82747.50800085068,1379.1251333475113,24
mnist,320,3,0.01,4,2,0.8656249999729492,0.8656249999729492,82007.28010678291,1366.7880017797152,19
mnist,320,3,0.015,4,2,0.8718749999727539,0.8718749999727539,83148.77123403549,1385.8128539005916,9
mnist,320,3,0.02,4,2,0.8718749999727539,0.8718749999727539,83465.48291993141,1391.0913819988568,24
mnist,320,3,0.025,4,2,0.8718749999727539,0.8718749999727539,84132.06830310822,1402.201138385137,24
mnist,320,3,0.03,4,2,0.8749999999726562,0.8749999999726562,83424.20157051086,1390.4033595085143,24
mnist,320,3,0.035,4,2,0.8781249999725586,0.8781249999725586,83135.94526052475,1385.5990876754124,24
mnist,320,3,0.04,4,2,0.8312499999740234,0.8312499999740234,83225.77300620079,1387.0962167700131,16
mnist,320,3,0.045,4,2,0.8749999999726562,0.8749999999726562,83801.96002101898,1396.6993336836497,24
mnist,320,3,0.05,4,2,0.8718749999727539,0.8718749999727539,79288.9348564148,1321.4822476069132,24
mnist,320,4,0,4,2,0.8687499999728515,0.8687499999728515,3694.345401287079,61.57242335478465,19
mnist,320,4,0.001,4,2,0.8687499999728515,0.8687499999728515,80495.4640648365,1341.591067747275,9
mnist,320,4,0.005,4,2,0.8656249999729492,0.8656249999729492,83485.15813136101,1391.4193021893502,9
mnist,320,4,0.01,4,2,0.8656249999729492,0.8656249999729492,82736.81120443344,1378.9468534072241,9
mnist,320,4,0.015,4,2,0.8718749999727539,0.8718749999727539,83698.62788271904,1394.9771313786507,9
mnist,320,4,0.02,4,2,0.8718749999727539,0.8718749999727539,83306.76186871529,1388.4460311452547,19
mnist,320,4,0.025,4,2,0.8718749999727539,0.8718749999727539,81360.63416743279,1356.010569457213,19
mnist,320,4,0.03,4,2,0.8749999999726562,0.8749999999726562,84139.2519993782,1402.3208666563035,19
mnist,320,4,0.035,4,2,0.8781249999725586,0.8781249999725586,83525.51387763023,1392.091897960504,24
mnist,320,4,0.04,4,2,0.8874999999722656,0.8874999999722656,83975.28473043442,1399.5880788405736,19
mnist,320,4,0.045,4,2,0.8812499999724609,0.8812499999724609,83989.31277394295,1399.8218795657158,19
mnist,320,4,0.05,4,2,0.8312499999740234,0.8312499999740234,82893.89439940453,1381.564906656742,19
mnist,320,5,0,4,2,0.8687499999728515,0.8687499999728515,3384.7415628433228,56.412359380722044,19
mnist,320,5,0.001,4,2,0.8687499999728515,0.8687499999728515,67807.41316008568,1130.1235526680946,19
mnist,320,5,0.005,4,2,0.8656249999729492,0.8656249999729492,70706.97102308273,1178.449517051379,19
mnist,320,5,0.01,4,2,0.8656249999729492,0.8656249999729492,68692.36426448822,1144.8727377414702,19
mnist,320,5,0.015,4,2,0.8687499999728515,0.8687499999728515,69931.21031498909,1165.5201719164847,37
mnist,320,5,0.02,4,2,0.8624999999730468,0.8624999999730468,71124.6913368702,1185.41152228117,24
mnist,320,5,0.025,4,2,0.8562499999732421,0.8562499999732421,68956.04192709923,1149.2673654516539,19
mnist,320,5,0.03,4,2,0.8749999999726562,0.8749999999726562,68366.00349283218,1139.433391547203,19
mnist,320,5,0.035,4,2,0.8781249999725586,0.8781249999725586,70317.05515146255,1171.9509191910427,19
mnist,320,5,0.04,4,2,0.8749999999726562,0.8749999999726562,68791.17687630653,1146.519614605109,19
mnist,320,5,0.045,4,2,0.8781249999725586,0.8781249999725586,70290.00359225273,1171.5000598708789,19
mnist,320,5,0.05,4,2,0.8749999999726562,0.8749999999726562,68856.92376971245,1147.615396161874,19
mnist,320,6,0,4,2,0.8687499999728515,0.8687499999728515,3845.710695028305,64.09517825047175,19
mnist,320,6,0.001,4,2,0.8687499999728515,0.8687499999728515,73507.27242898941,1225.1212071498235,19
mnist,320,6,0.005,4,2,0.8656249999729492,0.8656249999729492,68411.1556634903,1140.1859277248382,19
mnist,320,6,0.01,4,2,0.8656249999729492,0.8656249999729492,75074.62262320518,1251.243710386753,24
mnist,320,6,0.015,4,2,0.8718749999727539,0.8718749999727539,74778.85481309891,1246.3142468849817,24
mnist,320,6,0.02,4,2,0.8718749999727539,0.8718749999727539,77740.973934412,1295.6828989068667,24
mnist,320,6,0.025,4,2,0.8718749999727539,0.8718749999727539,73991.04214930534,1233.1840358217557,24
mnist,320,6,0.03,4,2,0.8749999999726562,0.8749999999726562,77834.86527252197,1297.247754542033,24
mnist,320,6,0.035,4,2,0.8781249999725586,0.8781249999725586,78440.74285840988,1307.3457143068313,24
mnist,320,6,0.04,4,2,0.8749999999726562,0.8749999999726562,78160.92062616348,1302.6820104360581,19
mnist,320,6,0.045,4,2,0.8781249999725586,0.8781249999725586,79254.93066573143,1320.915511095524,16
mnist,320,6,0.05,4,2,0.8749999999726562,0.8749999999726562,78732.98985671997,1312.2164976119996,16
mnist,320,7,0,4,2,0.7749999999757813,0.7749999999757813,4233.757861375809,70.56263102293015,37
mnist,320,7,0.001,4,2,0.7437499999767578,0.7437499999767578,64974.06267929077,1082.9010446548461,19
mnist,320,7,0.005,4,2,0.899999999971875,0.899999999971875,67102.84445405006,1118.3807409008343,19
mnist,320,7,0.01,4,2,0.899999999971875,0.899999999971875,68661.6446325779,1144.3607438762983,19
mnist,320,7,0.015,4,2,0.9031249999717773,0.9031249999717773,68018.04999685287,1133.6341666142146,19
mnist,320,7,0.02,4,2,0.9031249999717773,0.9031249999717773,68694.33629274368,1144.9056048790615,19
mnist,320,7,0.025,4,2,0.8718749999727539,0.8718749999727539,70828.62255239487,1180.4770425399145,19
mnist,320,7,0.03,4,2,0.8749999999726562,0.8749999999726562,67510.28619241714,1125.1714365402856,19
mnist,320,7,0.035,4,2,0.8781249999725586,0.8781249999725586,68562.84779930115,1142.7141299883524,19
mnist,320,7,0.04,4,2,0.8749999999726562,0.8749999999726562,68462.88137578964,1141.0480229298273,19
mnist,320,7,0.045,4,2,0.8781249999725586,0.8781249999725586,70222.6259868145,1170.3770997802417,16
mnist,320,7,0.05,4,2,0.8749999999726562,0.8749999999726562,68618.61982250214,1143.6436637083689,16
mnist,320,8,0,4,2,0.899999999971875,0.899999999971875,3358.1142868995667,55.96857144832611,24
mnist,320,8,0.001,4,2,0.899999999971875,0.899999999971875,65042.775282382965,1084.0462547063828,24
mnist,320,8,0.005,4,2,0.899999999971875,0.899999999971875,61652.943331718445,1027.5490555286408,24
mnist,320,8,0.015,4,2,0.9031249999717773,0.9031249999717773,68064.39529752731,1134.4065882921218,37
mnist,320,8,0.01,4,2,0.9031249999717773,0.9031249999717773,69209.5280456543,1153.4921340942383,24
mnist,320,8,0.02,4,2,0.8656249999729492,0.8656249999729492,69474.26190185547,1157.9043650309245,37
mnist,320,8,0.025,4,2,0.8874999999722656,0.8874999999722656,68726.46007847786,1145.4410013079644,24
mnist,320,8,0.04,4,2,0.8749999999726562,0.8749999999726562,69164.70825457573,1152.745137576262,19
mnist,320,8,0.035,4,2,0.8781249999725586,0.8781249999725586,70478.21203684807,1174.6368672808012,19
mnist,320,8,0.03,4,2,0.8937499999720703,0.8937499999720703,70558.34335660934,1175.9723892768225,24
mnist,320,8,0.045,4,2,0.8781249999725586,0.8781249999725586,69913.44178533554,1165.2240297555923,19
mnist,320,8,0.05,4,2,0.8749999999726562,0.8749999999726562,68973.21296358109,1149.553549393018,16
mnist,320,9,0,4,2,0.8968749999719726,0.8968749999719726,3162.931909799576,52.71553182999293,9
mnist,320,9,0.001,4,2,0.8968749999719726,0.8968749999719726,67763.73939299583,1129.3956565499307,9
mnist,320,9,0.005,4,2,0.8968749999719726,0.8968749999719726,67537.42289185524,1125.623714864254,9
mnist,320,9,0.01,4,2,0.8968749999719726,0.8968749999719726,71542.27757573128,1192.3712929288547,19
mnist,320,9,0.015,4,2,0.8937499999720703,0.8937499999720703,68941.95314502716,1149.0325524171194,24
mnist,320,9,0.02,4,2,0.8874999999722656,0.8874999999722656,68921.04371762276,1148.6840619603793,24
mnist,320,9,0.025,4,2,0.8874999999722656,0.8874999999722656,70270.61095499992,1171.1768492499987,37
mnist,320,9,0.03,4,2,0.8749999999726562,0.8749999999726562,66633.12927937508,1110.5521546562513,24
mnist,320,9,0.035,4,2,0.8781249999725586,0.8781249999725586,69293.99430203438,1154.8999050339064,24
mnist,320,9,0.04,4,2,0.8749999999726562,0.8749999999726562,70224.55304598808,1170.4092174331347,24
mnist,320,9,0.045,4,2,0.8781249999725586,0.8781249999725586,66600.27112102509,1110.0045186837515,19
mnist,320,9,0.05,4,2,0.8749999999726562,0.8749999999726562,68259.27461886406,1137.6545769810677,19
mnist,320,10,0,4,2,0.8968749999719726,0.8968749999719726,3636.417624235153,60.60696040391922,19
mnist,320,10,0.001,4,2,0.8968749999719726,0.8968749999719726,60772.87594771385,1012.8812657952309,19
mnist,320,10,0.005,4,2,0.8968749999719726,0.8968749999719726,66492.44637084007,1108.2074395140012,19
mnist,320,10,0.01,4,2,0.8968749999719726,0.8968749999719726,68692.22023797035,1144.8703372995058,19
mnist,320,10,0.015,4,2,0.8968749999719726,0.8968749999719726,68702.98770427704,1145.049795071284,19
mnist,320,10,0.02,4,2,0.8718749999727539,0.8718749999727539,70177.39183950424,1169.6231973250708,19
mnist,320,10,0.025,4,2,0.8718749999727539,0.8718749999727539,68288.46076893806,1138.1410128156344,9
mnist,320,10,0.03,4,2,0.8749999999726562,0.8749999999726562,69680.85321807861,1161.3475536346436,9
mnist,320,10,0.035,4,2,0.8781249999725586,0.8781249999725586,66957.81305527687,1115.9635509212812,9
mnist,320,10,0.04,4,2,0.8749999999726562,0.8749999999726562,68816.42508482933,1146.9404180804888,19
mnist,320,10,0.045,4,2,0.8781249999725586,0.8781249999725586,68842.53722286224,1147.3756203810374,16
mnist,320,10,0.05,4,2,0.8749999999726562,0.8749999999726562,69341.3676636219,1155.6894610603651,16
