dataset,N,seed,p_err,non_equivariance,reps,val_acc,val_aug_acc,training_time,epoch_time,convergence_epoch,last_loss
nwpu,20.0,1.0,0.0,3.0,1.0,0.49999999975,0.5999999997,222.18233156204224,3.7030388593673695,29.0,0.6865785845661497
nwpu,20.0,1.0,0.0,3.0,2.0,0.49999999975,0.49999999975,228.6342248916626,3.810570414861043,16.0,0.6925178715104305
nwpu,20.0,1.0,0.0,3.0,3.0,0.49999999975,0.49999999975,238.96053075790405,3.9826755126317344,16.0,0.6678243037699391
nwpu,20.0,1.0,0.0,4.0,1.0,0.649999999675,0.649999999675,293.5794625282288,4.892991042137146,16.0,0.6976977696506551
nwpu,20.0,1.0,0.0,4.0,2.0,0.549999999725,0.549999999725,306.71632385253906,5.111938730875651,16.0,0.6904593142395025
nwpu,20.0,1.0,0.0,4.0,3.0,0.49999999975,0.49999999975,333.78296995162964,5.563049499193827,16.0,0.6745527925694847
nwpu,40.0,1.0,0.0,3.0,1.0,0.5749999998562499,0.5749999998562499,431.8423674106598,7.197372790177663,31.0,0.6866068516445256
nwpu,40.0,1.0,0.0,3.0,3.0,0.5499999998625,0.5749999998562499,440.5516841411591,7.342528069019318,17.0,0.6728984652267491
nwpu,40.0,1.0,0.0,3.0,2.0,0.52499999986875,0.52499999986875,442.0071411132813,7.366785685221354,7.0,0.6922491506991684
nwpu,40.0,1.0,0.0,4.0,1.0,0.5749999998562499,0.5749999998562499,554.4442753791809,9.240737922986348,24.0,0.6943491314105803
nwpu,40.0,1.0,0.0,4.0,2.0,0.6499999998375,0.6499999998375,580.5251276493073,9.67541879415512,7.0,0.6887839589781184
nwpu,40.0,1.0,0.0,4.0,3.0,0.5499999998625,0.5499999998625,588.2193007469177,9.803655012448628,31.0,0.6803331766811893
nwpu,80.0,1.0,0.0,3.0,1.0,0.5249999999343751,0.54999999993125,674.7812919616699,11.246354866027833,18.0,0.6901462071271336
nwpu,80.0,1.0,0.0,3.0,2.0,0.5999999999250001,0.574999999928125,781.4119262695312,13.023532104492189,11.0,0.6846172212698611
nwpu,80.0,1.0,0.0,3.0,3.0,0.64999999991875,0.6624999999171876,824.8528723716736,13.747547872861226,18.0,0.6800628756626729
nwpu,80.0,1.0,0.0,4.0,1.0,0.5249999999343751,0.5249999999343751,1000.1947638988496,16.669912731647493,18.0,0.6933438133326741
nwpu,80.0,1.0,0.0,4.0,2.0,0.64999999991875,0.64999999991875,1167.5779993534088,19.45963332255681,11.0,0.6908713584274733
nwpu,80.0,1.0,0.0,4.0,3.0,0.7624999999046875,0.7624999999046875,1240.7562577724457,20.679270962874096,11.0,0.6846145313122427
nwpu,160.0,1.0,0.0,3.0,2.0,0.5687499999644531,0.649999999959375,1538.6173148155212,25.64362191359202,11.0,0.6857547807264884
nwpu,160.0,1.0,0.0,3.0,1.0,0.5687499999644531,0.6062499999621094,1575.4425747394562,26.257376245657603,28.0,0.6891799008415546
nwpu,160.0,1.0,0.0,3.0,3.0,0.49999999996875,0.5874999999632812,1738.5035800933838,28.975059668223064,30.0,0.6761991673285338
nwpu,160.0,1.0,0.0,4.0,1.0,0.5937499999628906,0.5937499999628906,2002.622637271881,33.37704395453135,27.0,0.6935525410933946
nwpu,160.0,1.0,0.0,4.0,2.0,0.6437499999597656,0.6437499999597656,2234.3481912612915,37.23913652102153,11.0,0.6901393538282118
nwpu,160.0,1.0,0.0,4.0,3.0,0.6624999999585938,0.6624999999585938,2318.523969888687,38.64206616481145,28.0,0.6837211584617535
nwpu,320.0,1.0,0.0,3.0,2.0,0.6299999999685,0.6499999999675,2949.889328479767,49.164822141329445,56.0,0.6858127397084496
nwpu,320.0,1.0,0.0,3.0,3.0,0.60499999996975,0.6399999999679999,3118.721956729889,51.978699278831485,56.0,0.6800920665051601
nwpu,320.0,1.0,0.0,3.0,1.0,0.5699999999715,0.5699999999715,3263.454418420792,54.39090697367986,19.0,0.6923497450135356
nwpu,320.0,1.0,0.0,4.0,1.0,0.59999999997,0.59999999997,3941.816391944885,65.69693986574809,18.0,0.6900691270612602
nwpu,20.0,2.0,0.0,3.0,1.0,0.49999999975,0.549999999725,164.6595401763916,2.7443256696065266,16.0,0.6872165461918837
nwpu,320.0,1.0,0.0,4.0,2.0,0.6149999999692499,0.6149999999692499,4237.524639844894,70.62541066408157,28.0,0.6885612547182438
nwpu,20.0,2.0,0.0,3.0,2.0,0.5999999997,0.49999999975,211.4293148517609,3.5238219141960143,16.0,0.6800392356094966
nwpu,20.0,2.0,0.0,3.0,3.0,0.649999999675,0.5999999997,232.1944100856781,3.8699068347613017,16.0,0.6712970497827979
nwpu,20.0,2.0,0.0,4.0,1.0,0.549999999725,0.549999999725,270.32226157188416,4.505371026198069,16.0,0.6941849120960686
nwpu,320.0,1.0,0.0,4.0,3.0,0.659999999967,0.659999999967,4619.476468086243,76.99127446810404,28.0,0.6812386852289934
nwpu,20.0,2.0,0.0,4.0,2.0,0.549999999725,0.549999999725,302.30768513679504,5.038461418946584,16.0,0.6915043904900099
nwpu,20.0,2.0,0.0,4.0,3.0,0.49999999975,0.49999999975,300.05696868896484,5.000949478149414,16.0,0.6841612603819869
nwpu,40.0,2.0,0.0,3.0,1.0,0.5499999998625,0.5499999998625,418.4549489021301,6.974249148368836,17.0,0.6829633621654179
nwpu,40.0,2.0,0.0,3.0,2.0,0.5499999998625,0.5499999998625,416.42104721069336,6.940350786844889,11.0,0.6868219993781602
nwpu,40.0,2.0,0.0,3.0,3.0,0.5499999998625,0.52499999986875,428.0443027019501,7.134071711699168,17.0,0.6698628698104854
nwpu,40.0,2.0,0.0,4.0,1.0,0.499999999875,0.499999999875,549.4396281242371,9.157327135403952,17.0,0.6922608767209318
nwpu,40.0,2.0,0.0,4.0,2.0,0.499999999875,0.499999999875,562.2351839542389,9.370586399237316,11.0,0.6901473639670199
nwpu,640.0,1.0,0.0,3.0,3.0,0.6099999999694999,0.6299999999685,5817.90217924118,96.96503632068634,23.0,0.6805064034355646
nwpu,640.0,1.0,0.0,3.0,1.0,0.58499999997075,0.6299999999685,5870.801596164703,97.84669326941172,59.0,0.6890464192521197
nwpu,40.0,2.0,0.0,4.0,3.0,0.59999999985,0.59999999985,594.4308273792267,9.907180456320445,43.0,0.6773908088897953
nwpu,80.0,2.0,0.0,3.0,1.0,0.624999999921875,0.624999999921875,700.2958862781525,11.671598104635876,18.0,0.6914323323100783
nwpu,640.0,1.0,0.0,3.0,2.0,0.679999999966,0.69499999996525,6342.250825166702,105.70418041944504,58.0,0.6843415957582357
nwpu,80.0,2.0,0.0,3.0,2.0,0.6624999999171876,0.624999999921875,752.5040304660797,12.541733841101328,11.0,0.6862346493340052
nwpu,80.0,2.0,0.0,3.0,3.0,0.624999999921875,0.6749999999156251,725.2766118049622,12.087943530082702,18.0,0.6775218313085517
nwpu,80.0,2.0,0.0,4.0,1.0,0.5874999999265625,0.5874999999265625,1161.4256870746613,19.357094784577686,18.0,0.6923053913443168
nwpu,80.0,2.0,0.0,4.0,2.0,0.6874999999140625,0.6874999999140625,1135.8206844329834,18.930344740549724,11.0,0.6872284673785435
nwpu,80.0,2.0,0.0,4.0,3.0,0.7499999999062501,0.7499999999062501,1156.9523284435272,19.28253880739212,5.0,0.687698281321394
nwpu,160.0,2.0,0.0,3.0,2.0,0.5624999999648437,0.6437499999597656,1472.1984732151031,24.53664122025172,28.0,0.6874928813743061
nwpu,160.0,2.0,0.0,3.0,3.0,0.5374999999664062,0.6124999999617187,1430.7030913829803,23.845051523049676,28.0,0.6799325906805419
nwpu,160.0,2.0,0.0,3.0,1.0,0.5749999999640625,0.6124999999617187,1716.507239818573,28.608453996976216,28.0,0.6897596835658988
nwpu,640.0,1.0,0.0,4.0,1.0,0.5899999999705,0.5899999999705,8300.064843654633,138.33441406091055,59.0,0.6870131873977126
nwpu,640.0,1.0,0.0,4.0,2.0,0.6099999999694999,0.6099999999694999,8653.110001087189,144.2185000181198,58.0,0.6850316375386967
nwpu,160.0,2.0,0.0,4.0,1.0,0.5812499999636719,0.5812499999636719,2036.320692539215,33.93867820898692,27.0,0.6920794939562261
nwpu,160.0,2.0,0.0,4.0,2.0,0.718749999955078,0.718749999955078,2264.168509244919,37.73614182074865,11.0,0.6901050787732823
nwpu,640.0,1.0,0.0,4.0,3.0,0.6149999999692499,0.6149999999692499,9470.233524799349,157.83722541332244,39.0,0.677724947918793
nwpu,160.0,2.0,0.0,4.0,3.0,0.6562499999589844,0.6562499999589844,2291.5957958698277,38.19326326449712,11.0,0.6871845215129515
nwpu,320.0,2.0,0.0,3.0,1.0,0.59499999997025,0.5899999999705,2839.793934583664,47.32989890972773,18.0,0.6870605242037643
nwpu,320.0,2.0,0.0,3.0,2.0,0.59999999997,0.62499999996875,2862.05419921875,47.7009033203125,28.0,0.6857678329730308
nwpu,1280.0,1.0,0.0,3.0,3.0,0.6299999999685,0.6299999999685,10930.27991604805,182.17133193413417,41.0,0.6773886601868447
nwpu,320.0,2.0,0.0,3.0,3.0,0.5799999999709999,0.5699999999715,3029.689381837845,50.49482303063075,34.0,0.6827941667820226
nwpu,1280.0,1.0,0.0,3.0,2.0,0.6699999999665,0.69499999996525,11245.72393155098,187.42873219251632,60.0,0.6835371843122107
nwpu,1280.0,1.0,0.0,3.0,1.0,0.57499999997125,0.559999999972,11372.877180337906,189.54795300563177,25.0,0.6932060098590304
nwpu,5120.0,1.0,0.0,3.0,1.0,0.4949999999752499,0.4449999999777499,11053.915253400804,184.23192089001336,60.0,0.6938711844227508
nwpu,320.0,2.0,0.0,4.0,1.0,0.619999999969,0.619999999969,4278.992850065231,71.31654750108719,19.0,0.6877642488264688
nwpu,2560.0,1.0,0.0,3.0,2.0,0.56499999997175,0.5499999999724999,11926.710134267809,198.7785022377968,60.0,0.6936744276624729
nwpu,2560.0,1.0,0.0,3.0,3.0,0.6099999999694999,0.6099999999694999,11942.1688144207,199.03614690701167,59.0,0.6799260285638735
nwpu,320.0,2.0,0.0,4.0,2.0,0.6099999999694999,0.6099999999694999,4097.622931003571,68.29371551672618,19.0,0.6872198259615718
nwpu,320.0,2.0,0.0,4.0,3.0,0.63499999996825,0.63499999996825,4744.043064832687,79.06738441387812,28.0,0.6836409324193939
nwpu,5120.0,1.0,0.0,3.0,3.0,0.6399999999679999,0.60499999996975,12131.278167247772,202.18796945412956,60.0,0.6832288320802338
nwpu,2560.0,1.0,0.0,3.0,1.0,0.55499999997225,0.559999999972,13549.031253814695,225.8171875635783,50.0,0.6934208981138301
nwpu,1280.0,1.0,0.0,4.0,1.0,0.6099999999694999,0.6099999999694999,13945.794579029083,232.42990965048472,60.0,0.6865734318834947
nwpu,5120.0,1.0,0.0,3.0,2.0,0.52499999997375,0.48499999997575,12371.057542562485,206.1842923760414,60.0,0.6972934053680804
nwpu,640.0,2.0,0.0,3.0,1.0,0.6399999999679999,0.66499999996675,5840.795530557632,97.34659217596054,60.0,0.6855034589660346
nwpu,640.0,2.0,0.0,3.0,2.0,0.60499999996975,0.6399999999679999,5900.027364253998,98.3337894042333,50.0,0.6828476935518382
nwpu,640.0,2.0,0.0,3.0,3.0,0.619999999969,0.6399999999679999,6074.345857858658,101.23909763097762,39.0,0.6830744576347432
nwpu,2560.0,1.0,0.0,4.0,1.0,0.58499999997075,0.58499999997075,14976.412006139755,249.60686676899596,58.0,0.6925720472278101
nwpu,1280.0,1.0,0.0,4.0,2.0,0.6299999999685,0.6299999999685,16594.688902378082,276.57814837296803,60.0,0.685031158997867
nwpu,1280.0,1.0,0.0,4.0,3.0,0.62499999996875,0.62499999996875,17035.480630874634,283.9246771812439,41.0,0.6767670049610961
nwpu,5120.0,1.0,0.0,4.0,1.0,0.4799999999759999,0.4799999999759999,15089.83749628067,251.49729160467783,60.0,0.6932303347529816
nwpu,20.0,3.0,0.0,3.0,1.0,0.549999999725,0.5999999997,263.2199845314026,4.386999742190043,16.0,0.6854010888487363
nwpu,2560.0,1.0,0.0,4.0,3.0,0.63499999996825,0.63499999996825,16499.749915361404,274.99583192269006,59.0,0.6789552284819926
nwpu,20.0,3.0,0.0,3.0,2.0,0.3999999998,0.49999999975,209.50620555877688,3.491770092646281,16.0,0.6859704127458133
nwpu,20.0,3.0,0.0,3.0,3.0,0.49999999975,0.549999999725,269.62989497184753,4.493831582864126,16.0,0.6765493222668584
nwpu,20.0,3.0,0.0,4.0,2.0,0.49999999975,0.49999999975,290.0938436985016,4.834897394975027,8.0,0.6889278450143846
nwpu,20.0,3.0,0.0,4.0,1.0,0.549999999725,0.549999999725,490.1624782085418,8.169374636809032,16.0,0.6911713221193573
nwpu,20.0,3.0,0.0,4.0,3.0,0.49999999975,0.49999999975,407.7681996822357,6.796136661370595,16.0,0.6811384465865014
nwpu,40.0,3.0,0.0,3.0,1.0,0.52499999986875,0.5499999998625,413.3432703018189,6.889054505030314,17.0,0.6888271097606927
nwpu,40.0,3.0,0.0,3.0,2.0,0.5749999998562499,0.5499999998625,543.299464225769,9.054991070429484,17.0,0.6878279958435918
nwpu,640.0,2.0,0.0,4.0,1.0,0.63499999996825,0.63499999996825,8098.882923603058,134.98138206005098,59.0,0.6859581839931119
nwpu,40.0,3.0,0.0,3.0,3.0,0.5749999998562499,0.5499999998625,486.26323223114014,8.104387203852335,7.0,0.6764761046864184
nwpu,40.0,3.0,0.0,4.0,1.0,0.52499999986875,0.52499999986875,549.8220956325531,9.163701593875883,17.0,0.6928293870147504
nwpu,40.0,3.0,0.0,4.0,3.0,0.5499999998625,0.5499999998625,645.6238777637482,10.760397962729137,17.0,0.6845651142077879
nwpu,5120.0,1.0,0.0,4.0,2.0,0.499999999975,0.499999999975,16903.449978113174,281.7241663018862,60.0,0.6965312681934804
nwpu,40.0,3.0,0.0,4.0,2.0,0.5499999998625,0.5499999998625,719.2571477890015,11.987619129816691,7.0,0.689124719924307
nwpu,80.0,3.0,0.0,3.0,1.0,0.54999999993125,0.4999999999375,942.4865889549257,15.708109815915426,11.0,0.6906036578745663
nwpu,2560.0,1.0,0.0,4.0,2.0,0.539999999973,0.539999999973,18686.342517375942,311.4390419562658,60.0,0.6928204401276392
nwpu,5120.0,1.0,0.0,4.0,3.0,0.63499999996825,0.63499999996825,17148.25511431694,285.80425190528234,60.0,0.6834550241572329
nwpu,80.0,3.0,0.0,3.0,2.0,0.6874999999140625,0.724999999909375,891.114504814148,14.851908413569133,11.0,0.6848515748121597
nwpu,640.0,2.0,0.0,4.0,3.0,0.63499999996825,0.63499999996825,9300.242384195328,155.0040397365888,53.0,0.6772477602852859
nwpu,80.0,3.0,0.0,3.0,3.0,0.5624999999296876,0.54999999993125,891.0289342403412,14.85048223733902,11.0,0.6844580202439181
nwpu,80.0,3.0,0.0,4.0,1.0,0.6749999999156251,0.6749999999156251,1031.331279039383,17.18885465065638,11.0,0.693887477430392
nwpu,640.0,2.0,0.0,4.0,2.0,0.6499999999675,0.6499999999675,9956.524677753448,165.94207796255748,16.0,0.6847199118030372
nwpu,80.0,3.0,0.0,4.0,2.0,0.6749999999156251,0.6749999999156251,1436.3011598587036,23.93835266431173,5.0,0.6916257511704896
nwpu,80.0,3.0,0.0,4.0,3.0,0.6374999999203126,0.6374999999203126,1549.0550258159635,25.817583763599394,5.0,0.6867018257713249
nwpu,160.0,3.0,0.0,3.0,3.0,0.549999999965625,0.6374999999601563,1825.624713420868,30.427078557014465,28.0,0.6834838115741798
nwpu,160.0,3.0,0.0,3.0,1.0,0.5312499999667969,0.5999999999625,2020.0889747142792,33.66814957857132,28.0,0.69095413263294
nwpu,160.0,3.0,0.0,3.0,2.0,0.6062499999621094,0.5874999999632812,2197.659868001938,36.62766446669897,28.0,0.689246695594625
nwpu,160.0,3.0,0.0,4.0,1.0,0.6249999999609375,0.6249999999609375,2053.9499337673187,34.23249889612198,28.0,0.6916937678620043
nwpu,160.0,3.0,0.0,4.0,2.0,0.6749999999578125,0.6749999999578125,2351.72461605072,39.195410267512,11.0,0.6906574540898676
nwpu,160.0,3.0,0.0,4.0,3.0,0.6437499999597656,0.6437499999597656,2371.911010503769,39.531850175062814,11.0,0.6875012230443418
nwpu,1280.0,2.0,0.0,3.0,1.0,0.6299999999685,0.6499999999675,13509.826792001724,225.1637798666954,60.0,0.6841365276120713
nwpu,2560.0,2.0,0.0,3.0,2.0,0.59999999997,0.58499999997075,11943.060309171677,199.05100515286128,60.0,0.6894668020349903
nwpu,320.0,3.0,0.0,3.0,1.0,0.60499999996975,0.59999999997,3983.519902944565,66.39199838240941,56.0,0.6878207784676185
nwpu,320.0,3.0,0.0,3.0,3.0,0.6299999999685,0.66499999996675,3911.9344103336334,65.19890683889389,19.0,0.6835612815404901
nwpu,1280.0,2.0,0.0,3.0,3.0,0.6399999999679999,0.62499999996875,14026.57919716835,233.77631995280584,45.0,0.6823171047312779
nwpu,320.0,3.0,0.0,3.0,2.0,0.6149999999692499,0.6449999999677499,4400.616460561752,73.34360767602921,19.0,0.6876969831967025
nwpu,1280.0,2.0,0.0,3.0,2.0,0.6449999999677499,0.6299999999685,14474.70121192932,241.24502019882203,60.0,0.6836053735358175
nwpu,320.0,3.0,0.0,4.0,1.0,0.6299999999685,0.6299999999685,4566.461355209351,76.10768925348917,28.0,0.6890898662590217
nwpu,2560.0,2.0,0.0,3.0,1.0,0.56499999997175,0.57499999997125,14080.875713825226,234.6812618970871,60.0,0.691449986769954
nwpu,320.0,3.0,0.0,4.0,3.0,0.6399999999679999,0.6399999999679999,5369.29744720459,89.48829078674316,19.0,0.6854178952956583
nwpu,5120.0,2.0,0.0,3.0,1.0,0.539999999973,0.5699999999715,13643.672451257706,227.3945408542951,58.0,0.6928380311272424
nwpu,320.0,3.0,0.0,4.0,2.0,0.68499999996575,0.68499999996575,6041.624938964844,100.6937489827474,19.0,0.6869362348103432
nwpu,5120.0,2.0,0.0,3.0,2.0,0.60499999996975,0.58499999997075,13168.233979463575,219.47056632439296,40.0,0.6908171495539002
nwpu,640.0,3.0,0.0,3.0,1.0,0.5899999999705,0.58499999997075,6166.387368440628,102.7731228073438,59.0,0.6880268001448892
nwpu,640.0,3.0,0.0,3.0,2.0,0.619999999969,0.6499999999675,6557.254453659058,109.28757422765096,56.0,0.6829166209591018
nwpu,5120.0,2.0,0.0,3.0,3.0,0.5899999999705,0.6149999999692499,14185.010208129885,236.4168368021647,60.0,0.6896200619481158
nwpu,640.0,3.0,0.0,3.0,3.0,0.59999999997,0.6099999999694999,6495.258410692215,108.25430684487024,23.0,0.6777773618592218
nwpu,1280.0,2.0,0.0,4.0,1.0,0.679999999966,0.679999999966,17596.626523256302,293.2771087209384,60.0,0.6855056149902439
nwpu,1280.0,2.0,0.0,4.0,2.0,0.68499999996575,0.68499999996575,19847.027992486957,330.7837998747826,60.0,0.6826673521938655
nwpu,2560.0,2.0,0.0,4.0,3.0,0.6149999999692499,0.6149999999692499,18956.845799684525,315.9474299947421,59.0,0.6828784550768849
nwpu,1280.0,2.0,0.0,4.0,3.0,0.65499999996725,0.65499999996725,20576.39380121231,342.93989668687186,58.0,0.6769191630624947
nwpu,2560.0,2.0,0.0,3.0,3.0,0.59499999997025,0.59499999997025,19493.64184999466,324.8940308332443,58.0,0.6842861521981755
nwpu,20.0,4.0,0.0,3.0,1.0,0.549999999725,0.5999999997,362.5103480815888,6.041839134693146,16.0,0.6841224744475582
nwpu,20.0,4.0,0.0,3.0,2.0,0.549999999725,0.549999999725,391.3569550514221,6.522615917523702,16.0,0.6778405853696979
nwpu,20.0,4.0,0.0,3.0,3.0,0.49999999975,0.49999999975,382.90479803085327,6.381746633847555,16.0,0.6693060090771588
nwpu,640.0,3.0,0.0,4.0,2.0,0.6699999999665,0.6699999999665,9734.002612113953,162.23337686856587,56.0,0.6847337490213217
nwpu,20.0,4.0,0.0,4.0,2.0,0.649999999675,0.649999999675,292.7163510322571,4.878605850537618,16.0,0.6807314070635802
nwpu,640.0,3.0,0.0,4.0,1.0,0.58499999997075,0.58499999997075,10264.88655591011,171.08144259850184,59.0,0.6875031548631056
nwpu,5120.0,2.0,0.0,4.0,1.0,0.5799999999709999,0.5799999999709999,19145.70754146576,319.095125691096,58.0,0.692473278993558
nwpu,20.0,4.0,0.0,4.0,1.0,0.5999999997,0.5999999997,522.6858472824097,8.711430788040161,16.0,0.6900796243078228
nwpu,20.0,4.0,0.0,4.0,3.0,0.49999999975,0.49999999975,288.7046961784363,4.811744936307272,16.0,0.6815845766235862
nwpu,640.0,3.0,0.0,4.0,3.0,0.6449999999677499,0.6449999999677499,10446.604835987093,174.11008059978485,58.0,0.6823065328491413
nwpu,40.0,4.0,0.0,3.0,1.0,0.52499999986875,0.52499999986875,505.5568914413452,8.425948190689088,17.0,0.6884168939061505
nwpu,40.0,4.0,0.0,3.0,2.0,0.59999999985,0.5499999998625,477.9941129684448,7.96656854947408,17.0,0.6822632120334136
nwpu,5120.0,2.0,0.0,4.0,2.0,0.54499999997275,0.54499999997275,19379.308802604675,322.98848004341124,39.0,0.6903780662955927
nwpu,40.0,4.0,0.0,4.0,1.0,0.59999999985,0.59999999985,526.6913192272186,8.778188653786977,17.0,0.6935319415981243
nwpu,40.0,4.0,0.0,3.0,3.0,0.52499999986875,0.499999999875,780.5781302452087,13.009635504086813,35.0,0.6675991211652688
nwpu,40.0,4.0,0.0,4.0,2.0,0.62499999984375,0.62499999984375,586.1897616386414,9.769829360644025,43.0,0.6815838013375538
nwpu,40.0,4.0,0.0,4.0,3.0,0.62499999984375,0.62499999984375,715.1432414054871,11.919054023424785,7.0,0.679629596301879
nwpu,80.0,4.0,0.0,3.0,1.0,0.5874999999265625,0.574999999928125,968.9430134296416,16.149050223827363,11.0,0.6916242556899524
nwpu,80.0,4.0,0.0,3.0,3.0,0.5874999999265625,0.5624999999296876,771.1393396854401,12.852322328090668,11.0,0.6768868683922569
nwpu,80.0,4.0,0.0,3.0,2.0,0.64999999991875,0.64999999991875,1071.286073923111,17.854767898718517,5.0,0.6868014859294697
nwpu,80.0,4.0,0.0,4.0,2.0,0.7499999999062501,0.7499999999062501,1187.5768222808838,19.79294703801473,11.0,0.6846427570917727
nwpu,80.0,4.0,0.0,4.0,3.0,0.7374999999078126,0.7374999999078126,1408.0661602020264,23.46776933670044,5.0,0.6853996407128938
nwpu,80.0,4.0,0.0,4.0,1.0,0.5874999999265625,0.5874999999265625,2016.9841701984408,33.616402836640674,18.0,0.6936630677309801
nwpu,2560.0,2.0,0.0,4.0,2.0,0.59999999997,0.59999999997,23821.32399868965,397.02206664482753,59.0,0.6888064436060409
nwpu,160.0,4.0,0.0,3.0,2.0,0.6812499999574219,0.6624999999585938,1585.4142925739288,26.423571542898813,28.0,0.6839079588224214
nwpu,160.0,4.0,0.0,3.0,1.0,0.5437499999660156,0.5937499999628906,1882.2284989356997,31.37047498226166,28.0,0.6896828972862252
nwpu,160.0,4.0,0.0,3.0,3.0,0.5374999999664062,0.6562499999589844,2273.021756887436,37.88369594812393,16.0,0.6766843604618575
nwpu,160.0,4.0,0.0,4.0,1.0,0.5874999999632812,0.5874999999632812,2254.654308080673,37.57757180134456,22.0,0.6927395170494085
nwpu,1280.0,3.0,0.0,3.0,2.0,0.65499999996725,0.679999999966,14041.259941101074,234.02099901835123,50.0,0.6848686305624793
nwpu,2560.0,3.0,0.0,3.0,1.0,0.5499999999724999,0.58499999997075,12065.007938146591,201.0834656357765,60.0,0.6900076730193812
nwpu,1280.0,3.0,0.0,3.0,1.0,0.6299999999685,0.63499999996825,14416.099483251572,240.26832472085957,60.0,0.6852470314445613
nwpu,1280.0,3.0,0.0,3.0,3.0,0.62499999996875,0.6449999999677499,14664.672926664352,244.41121544440588,34.0,0.6805461304131064
nwpu,160.0,4.0,0.0,4.0,2.0,0.7124999999554688,0.7124999999554688,2622.6861805915837,43.71143634319306,28.0,0.6854504566956312
nwpu,320.0,4.0,0.0,3.0,1.0,0.55499999997225,0.60499999996975,3307.844811916352,55.13074686527252,19.0,0.6872202342533886
nwpu,320.0,4.0,0.0,3.0,2.0,0.659999999967,0.66499999996675,3341.1536858081818,55.6858947634697,34.0,0.6832699632431131
nwpu,2560.0,3.0,0.0,3.0,2.0,0.559999999972,0.5699999999715,13755.167600154877,229.25279333591465,59.0,0.6892402290445748
nwpu,5120.0,3.0,0.0,3.0,2.0,0.52499999997375,0.53499999997325,12301.09120941162,205.01818682352703,60.0,0.6924655972264124
nwpu,2560.0,2.0,0.0,4.0,1.0,0.52499999997375,0.52499999997375,28036.77520942688,467.27958682378136,60.0,0.6915129684549564
nwpu,5120.0,2.0,0.0,4.0,3.0,0.6099999999694999,0.6099999999694999,25355.51480126381,422.5919133543968,60.0,0.6875301171086556
nwpu,160.0,4.0,0.0,4.0,3.0,0.6562499999589844,0.6562499999589844,4513.291460752487,75.22152434587478,30.0,0.6843820237685665
nwpu,320.0,4.0,0.0,3.0,3.0,0.62499999996875,0.6499999999675,4442.486607551575,74.0414434591929,40.0,0.6794288170125354
nwpu,5120.0,3.0,0.0,3.0,1.0,0.52499999997375,0.56499999997175,13546.825811862946,225.78043019771576,58.0,0.692419161631854
nwpu,320.0,4.0,0.0,4.0,2.0,0.679999999966,0.679999999966,4825.030348062515,80.41717246770858,34.0,0.6829788601185036
nwpu,2560.0,3.0,0.0,4.0,1.0,0.57499999997125,0.57499999997125,16795.777331352234,279.9296221892039,60.0,0.6909792824528651
nwpu,320.0,4.0,0.0,4.0,1.0,0.58499999997075,0.58499999997075,6395.521755695343,106.59202926158903,19.0,0.69059240577447
nwpu,320.0,4.0,0.0,4.0,3.0,0.66499999996675,0.66499999996675,5882.228013277054,98.03713355461755,49.0,0.6807138985182709
nwpu,2560.0,3.0,0.0,3.0,3.0,0.60499999996975,0.6299999999685,17652.30732178688,294.20512202978136,59.0,0.6840328145764887
nwpu,1280.0,3.0,0.0,4.0,1.0,0.6449999999677499,0.6449999999677499,20246.039920330048,337.43399867216743,50.0,0.6870414804560311
nwpu,640.0,4.0,0.0,3.0,1.0,0.56499999997175,0.559999999972,6562.302651405335,109.37171085675556,16.0,0.6882500117909658
nwpu,2560.0,3.0,0.0,4.0,2.0,0.6149999999692499,0.6149999999692499,17723.638423919678,295.3939737319946,59.0,0.6900659163735423
nwpu,1280.0,3.0,0.0,4.0,2.0,0.69499999996525,0.69499999996525,19988.340571165085,333.1390095194181,50.0,0.6843957591794521
nwpu,640.0,4.0,0.0,3.0,2.0,0.6449999999677499,0.6699999999665,7702.556738853455,128.3759456475576,49.0,0.6818769431007653
nwpu,640.0,4.0,0.0,3.0,3.0,0.60499999996975,0.63499999996825,8791.63841342926,146.5273068904877,23.0,0.6777473819149931
nwpu,5120.0,3.0,0.0,3.0,3.0,0.65499999996725,0.6449999999677499,19709.495646715164,328.4915941119194,60.0,0.6865983134053553
nwpu,20.0,5.0,0.0,3.0,1.0,0.549999999725,0.49999999975,285.04503321647644,4.750750553607941,16.0,0.6776105811784141
nwpu,640.0,4.0,0.0,4.0,1.0,0.559999999972,0.559999999972,10025.758244514464,167.09597074190776,16.0,0.6878162276637372
nwpu,20.0,5.0,0.0,3.0,2.0,0.49999999975,0.5999999997,289.12405157089233,4.818734192848206,16.0,0.6762175163225816
nwpu,20.0,5.0,0.0,3.0,3.0,0.49999999975,0.649999999675,245.5073566436768,4.0917892773946125,16.0,0.668342504763218
nwpu,20.0,5.0,0.0,4.0,1.0,0.749999999625,0.749999999625,315.48207354545593,5.258034559090932,16.0,0.6958015205957409
nwpu,20.0,5.0,0.0,4.0,2.0,0.649999999675,0.649999999675,325.6228823661804,5.4270480394363405,16.0,0.681186134474623
nwpu,640.0,4.0,0.0,4.0,2.0,0.659999999967,0.659999999967,9708.050161600111,161.80083602666855,38.0,0.6819197410238529
nwpu,5120.0,3.0,0.0,4.0,1.0,0.559999999972,0.559999999972,18619.09078359604,310.31817972660065,58.0,0.6927813118241117
nwpu,20.0,5.0,0.0,4.0,3.0,0.549999999725,0.549999999725,289.0440671443939,4.817401119073232,16.0,0.6852301379592343
nwpu,40.0,5.0,0.0,3.0,1.0,0.5499999998625,0.52499999986875,473.20661520957947,7.886776920159658,17.0,0.6841256306845289
nwpu,40.0,5.0,0.0,3.0,2.0,0.59999999985,0.5749999998562499,391.6940133571625,6.528233555952708,17.0,0.6795582209318712
nwpu,640.0,4.0,0.0,4.0,3.0,0.619999999969,0.619999999969,10046.981547117231,167.4496924519539,39.0,0.6776246291293123
nwpu,40.0,5.0,0.0,3.0,3.0,0.5499999998625,0.5499999998625,501.8358795642853,8.363931326071421,17.0,0.672332050036194
nwpu,40.0,5.0,0.0,4.0,1.0,0.62499999984375,0.62499999984375,517.7586619853973,8.629311033089955,17.0,0.6935048846656817
nwpu,5120.0,3.0,0.0,4.0,2.0,0.5699999999715,0.5699999999715,18675.19194984436,311.25319916407267,60.0,0.6931353068293986
nwpu,40.0,5.0,0.0,4.0,3.0,0.5499999998625,0.5499999998625,574.9556710720062,9.58259451786677,11.0,0.6829328690252048
nwpu,40.0,5.0,0.0,4.0,2.0,0.62499999984375,0.62499999984375,661.9202003479004,11.032003339131672,7.0,0.681646907755194
nwpu,80.0,5.0,0.0,3.0,1.0,0.5624999999296876,0.5624999999296876,755.8684208393097,12.597807013988495,11.0,0.6893676238390383
nwpu,80.0,5.0,0.0,3.0,2.0,0.6374999999203126,0.624999999921875,937.5901494026184,15.62650249004364,11.0,0.6823690181117635
nwpu,80.0,5.0,0.0,3.0,3.0,0.5999999999250001,0.5874999999265625,886.2803263664246,14.771338772773742,11.0,0.6764307211984052
nwpu,80.0,5.0,0.0,4.0,1.0,0.54999999993125,0.54999999993125,1026.1271722316742,17.10211953719457,18.0,0.6927728437511415
nwpu,1280.0,3.0,0.0,4.0,3.0,0.62499999996875,0.62499999996875,26263.43866443634,437.7239777406057,57.0,0.6777837223950172
nwpu,80.0,5.0,0.0,4.0,2.0,0.7499999999062501,0.7499999999062501,1107.3755674362185,18.456259457270303,11.0,0.6848108833172232
nwpu,80.0,5.0,0.0,4.0,3.0,0.6749999999156251,0.6749999999156251,1615.538808345795,26.925646805763243,11.0,0.6870331107711308
nwpu,1280.0,4.0,0.0,3.0,2.0,0.65499999996725,0.66499999996675,12023.345779418943,200.38909632364908,50.0,0.6813584949118738
nwpu,160.0,5.0,0.0,3.0,1.0,0.5812499999636719,0.6187499999613281,1579.0223605632782,26.317039342721305,28.0,0.6866244375276578
nwpu,5120.0,3.0,0.0,4.0,3.0,0.63499999996825,0.63499999996825,20950.053626537323,349.16756044228873,60.0,0.6870760261160498
nwpu,160.0,5.0,0.0,3.0,3.0,0.5312499999667969,0.6124999999617187,1728.2469515800476,28.80411585966746,11.0,0.6837737804223901
nwpu,1280.0,4.0,0.0,3.0,1.0,0.5699999999715,0.5899999999705,13017.700100183489,216.96166833639143,60.0,0.6883704055887715
nwpu,160.0,5.0,0.0,3.0,2.0,0.5937499999628906,0.6437499999597656,1981.607220172882,33.02678700288137,28.0,0.6840239256192893
nwpu,2560.0,3.0,0.0,4.0,3.0,0.65499999996725,0.65499999996725,25243.472786664963,420.724546444416,59.0,0.6848752370618333
nwpu,160.0,5.0,0.0,4.0,1.0,0.549999999965625,0.549999999965625,2073.4182498455048,34.55697083075841,22.0,0.6935970055623478
nwpu,160.0,5.0,0.0,4.0,3.0,0.6374999999601563,0.6374999999601563,2473.4384186267853,41.22397364377976,11.0,0.6858413618374373
nwpu,160.0,5.0,0.0,4.0,2.0,0.7124999999554688,0.7124999999554688,3315.864932775497,55.26441554625829,11.0,0.6854908293057209
nwpu,2560.0,4.0,0.0,3.0,1.0,0.5699999999715,0.5799999999709999,13776.356713056564,229.60594521760945,60.0,0.6925541255416379
nwpu,320.0,5.0,0.0,3.0,2.0,0.62499999996875,0.6499999999675,3080.1085348129272,51.33514224688212,47.0,0.6823564195419698
nwpu,2560.0,4.0,0.0,3.0,3.0,0.58499999997075,0.6149999999692499,12204.171042203903,203.4028507033984,59.0,0.681151681973821
nwpu,320.0,5.0,0.0,3.0,3.0,0.59499999997025,0.58499999997075,3439.9033629894257,57.331722716490425,28.0,0.6836563288951855
nwpu,2560.0,4.0,0.0,3.0,2.0,0.6449999999677499,0.6149999999692499,13472.863286972046,224.5477214495341,60.0,0.6837163859946178
nwpu,320.0,5.0,0.0,3.0,1.0,0.57499999997125,0.6099999999694999,4264.073276281357,71.06788793802261,19.0,0.6893386715435141
nwpu,5120.0,4.0,0.0,3.0,3.0,0.62499999996875,0.62499999996875,12207.584909677504,203.4597484946251,60.0,0.6839724588337168
nwpu,320.0,5.0,0.0,4.0,2.0,0.6699999999665,0.6699999999665,4733.6420776844025,78.89403462807337,56.0,0.6833939718986574
nwpu,5120.0,4.0,0.0,3.0,2.0,0.6399999999679999,0.5899999999705,13120.686423540115,218.67810705900192,60.0,0.6886221059900756
nwpu,320.0,5.0,0.0,4.0,1.0,0.5899999999705,0.5899999999705,5367.586161375046,89.45976935625076,19.0,0.691345698811861
nwpu,1280.0,4.0,0.0,3.0,3.0,0.619999999969,0.6149999999692499,18092.1172478199,301.535287463665,41.0,0.6777128469887526
nwpu,320.0,5.0,0.0,4.0,3.0,0.6499999999675,0.6499999999675,5519.700317621231,91.9950052936872,28.0,0.6846189629817643
nwpu,640.0,5.0,0.0,3.0,3.0,0.59499999997025,0.6299999999685,6275.644324302673,104.59407207171122,56.0,0.6792736136807163
nwpu,640.0,5.0,0.0,3.0,1.0,0.58499999997075,0.6299999999685,7687.936281442642,128.13227135737736,59.0,0.6861453419816572
nwpu,5120.0,4.0,0.0,3.0,1.0,0.5699999999715,0.56499999997175,16275.143413066864,271.25239021778106,58.0,0.6935565992933335
nwpu,1280.0,4.0,0.0,4.0,1.0,0.60499999996975,0.60499999996975,20247.32182765007,337.45536379416785,60.0,0.6873986582698759
nwpu,640.0,5.0,0.0,3.0,2.0,0.6399999999679999,0.68499999996575,8844.927672863007,147.41546121438344,58.0,0.6818223208082477
nwpu,1280.0,4.0,0.0,4.0,2.0,0.6749999999662499,0.6749999999662499,22289.848702430725,371.4974783738454,50.0,0.6815246365808278
nwpu,640.0,5.0,0.0,4.0,1.0,0.57499999997125,0.57499999997125,9202.539898872375,153.37566498120626,16.0,0.6882524722707022
nwpu,2560.0,4.0,0.0,4.0,3.0,0.6499999999675,0.6499999999675,21615.95851278305,360.26597521305087,59.0,0.6782906289044124
nwpu,2560.0,4.0,0.0,4.0,1.0,0.56499999997175,0.56499999997175,21998.603915691376,366.64339859485625,60.0,0.6925784617207352
nwpu,20.0,6.0,0.0,3.0,1.0,0.5999999997,0.49999999975,418.4961500167847,6.974935833613078,16.0,0.6778963067718382
nwpu,20.0,6.0,0.0,3.0,2.0,0.449999999775,0.5999999997,305.0963559150696,5.08493926525116,16.0,0.6770902117681595
nwpu,2560.0,4.0,0.0,4.0,2.0,0.6399999999679999,0.6399999999679999,22544.437697649,375.7406282941501,59.0,0.6835950622501629
nwpu,20.0,6.0,0.0,3.0,3.0,0.49999999975,0.49999999975,426.02173590660095,7.100362265110016,16.0,0.6645042499557575
nwpu,20.0,6.0,0.0,4.0,1.0,0.549999999725,0.549999999725,423.8811101913452,7.064685169855753,16.0,0.690581059110581
nwpu,20.0,6.0,0.0,4.0,2.0,0.649999999675,0.649999999675,459.9736242294312,7.666227070490519,16.0,0.6831704285305233
nwpu,640.0,5.0,0.0,4.0,3.0,0.6749999999662499,0.6749999999662499,11685.071093559263,194.7511848926544,56.0,0.678135935653581
nwpu,40.0,6.0,0.0,3.0,1.0,0.5499999998625,0.5499999998625,550.2075588703156,9.170125981171926,17.0,0.6836768106897146
nwpu,5120.0,4.0,0.0,4.0,2.0,0.63499999996825,0.63499999996825,21187.712882995605,353.12854804992674,60.0,0.6879688212814221
nwpu,20.0,6.0,0.0,4.0,3.0,0.49999999975,0.49999999975,629.3627407550812,10.489379012584688,16.0,0.6749209293328735
nwpu,640.0,5.0,0.0,4.0,2.0,0.66499999996675,0.66499999996675,12309.974264860151,205.1662377476692,58.0,0.6822362780464383
nwpu,1280.0,4.0,0.0,4.0,3.0,0.62499999996875,0.62499999996875,26071.39870405197,434.5233117341995,41.0,0.6765539334558692
nwpu,40.0,6.0,0.0,3.0,2.0,0.5749999998562499,0.5499999998625,624.3769638538361,10.406282730897267,17.0,0.6813636360849233
nwpu,40.0,6.0,0.0,4.0,2.0,0.59999999985,0.59999999985,545.2099678516388,9.086832797527313,8.0,0.6835699580390989
nwpu,40.0,6.0,0.0,4.0,1.0,0.5749999998562499,0.5749999998562499,627.5371794700623,10.458952991167704,17.0,0.6921890358386487
nwpu,40.0,6.0,0.0,3.0,3.0,0.5499999998625,0.5499999998625,670.6495218276978,11.177492030461629,43.0,0.666298485231718
nwpu,1280.0,5.0,0.0,3.0,2.0,0.66499999996675,0.6749999999662499,12208.524421453476,203.4754070242246,50.0,0.6811629110915323
nwpu,40.0,6.0,0.0,4.0,3.0,0.5499999998625,0.5499999998625,869.0496771335602,14.484161285559336,7.0,0.6810255847658856
nwpu,80.0,6.0,0.0,3.0,2.0,0.624999999921875,0.6374999999203126,942.709938764572,15.71183231274287,11.0,0.6867061632013246
nwpu,80.0,6.0,0.0,3.0,1.0,0.5249999999343751,0.5374999999328125,1212.9200294017792,20.215333823362982,18.0,0.687922411475022
nwpu,80.0,6.0,0.0,4.0,1.0,0.6624999999171876,0.6624999999171876,1040.1030287742617,17.335050479571024,11.0,0.6940398096170719
nwpu,80.0,6.0,0.0,3.0,3.0,0.5874999999265625,0.6874999999140625,1253.5772354602814,20.892953924338023,11.0,0.682555343423401
nwpu,80.0,6.0,0.0,4.0,2.0,0.6874999999140625,0.6874999999140625,1081.928483724594,18.0321413954099,11.0,0.6903321664662522
nwpu,80.0,6.0,0.0,4.0,3.0,0.6749999999156251,0.6749999999156251,1356.969297170639,22.616154952843985,5.0,0.6835410391429968
nwpu,5120.0,4.0,0.0,4.0,1.0,0.56499999997175,0.56499999997175,24668.2499666214,411.13749944369,58.0,0.6937564658266111
nwpu,160.0,6.0,0.0,3.0,1.0,0.6249999999609375,0.6374999999601563,1928.476850271225,32.14128083785375,28.0,0.6869077419805362
nwpu,160.0,6.0,0.0,3.0,2.0,0.5812499999636719,0.6624999999585938,1897.935401916504,31.6322566986084,28.0,0.6877347188758169
nwpu,160.0,6.0,0.0,3.0,3.0,0.5437499999660156,0.6374999999601563,1838.5101075172424,30.641835125287376,30.0,0.678348203259033
nwpu,1280.0,5.0,0.0,3.0,1.0,0.5799999999709999,0.62499999996875,14999.156968832016,249.9859494805336,60.0,0.6876350662650981
nwpu,2560.0,5.0,0.0,3.0,1.0,0.5799999999709999,0.54499999997275,13073.64456486702,217.894076081117,43.0,0.6921891923687791
nwpu,1280.0,5.0,0.0,3.0,3.0,0.6449999999677499,0.6399999999679999,14745.967421770096,245.76612369616825,52.0,0.6789582759482707
nwpu,160.0,6.0,0.0,4.0,1.0,0.5749999999640625,0.5749999999640625,2470.0036132335663,41.166726887226105,22.0,0.6924895870252772
nwpu,5120.0,4.0,0.0,4.0,3.0,0.6499999999675,0.6499999999675,23681.50254869461,394.6917091449102,60.0,0.683410487010347
nwpu,2560.0,5.0,0.0,3.0,2.0,0.58499999997075,0.5899999999705,13269.21303319931,221.15355055332185,60.0,0.6882497293097045
nwpu,160.0,6.0,0.0,4.0,2.0,0.6624999999585938,0.6624999999585938,2827.989930868149,47.13316551446915,11.0,0.6903949468896429
nwpu,320.0,6.0,0.0,3.0,1.0,0.57499999997125,0.57499999997125,3019.25031542778,50.320838590463005,28.0,0.6859927058005535
nwpu,160.0,6.0,0.0,4.0,3.0,0.649999999959375,0.649999999959375,3530.4991977214813,58.84165329535802,11.0,0.684498078184262
nwpu,320.0,6.0,0.0,3.0,3.0,0.5799999999709999,0.63499999996825,3343.630624771118,55.72717707951863,19.0,0.6808139639880095
nwpu,320.0,6.0,0.0,3.0,2.0,0.6399999999679999,0.659999999967,4761.557219743729,79.35928699572881,49.0,0.6833459222103196
nwpu,5120.0,5.0,0.0,3.0,1.0,0.5699999999715,0.539999999973,13411.885867118835,223.53143111864725,53.0,0.6927514343998719
nwpu,5120.0,5.0,0.0,3.0,3.0,0.6099999999694999,0.59999999997,13885.773530483246,231.42955884138743,60.0,0.6888960221551071
nwpu,320.0,6.0,0.0,4.0,2.0,0.6399999999679999,0.6399999999679999,5098.504826545715,84.97508044242859,19.0,0.6884737163566972
nwpu,5120.0,5.0,0.0,3.0,2.0,0.54499999997275,0.56499999997175,14505.619530677795,241.7603255112966,60.0,0.6940583310069421
nwpu,320.0,6.0,0.0,4.0,1.0,0.59499999997025,0.59499999997025,5365.802709817886,89.43004516363143,19.0,0.689212236382881
nwpu,320.0,6.0,0.0,4.0,3.0,0.659999999967,0.659999999967,5333.969394445419,88.89948990742366,19.0,0.6816483354355467
nwpu,1280.0,5.0,0.0,4.0,3.0,0.66499999996675,0.66499999996675,18750.610173225403,312.5101695537567,56.0,0.6777343420925884
nwpu,1280.0,5.0,0.0,4.0,1.0,0.619999999969,0.619999999969,19576.14592123032,326.26909868717195,17.0,0.6875059512398967
nwpu,2560.0,5.0,0.0,3.0,3.0,0.6699999999665,0.6149999999692499,18909.96026110649,315.16600435177486,60.0,0.6849197225513604
nwpu,640.0,6.0,0.0,3.0,2.0,0.6499999999675,0.6699999999665,6554.91369509697,109.2485615849495,49.0,0.6849740338218473
nwpu,1280.0,5.0,0.0,4.0,2.0,0.66499999996675,0.66499999996675,21437.90622973442,357.2984371622404,58.0,0.6816033534946863
nwpu,640.0,6.0,0.0,3.0,1.0,0.58499999997075,0.59999999997,8078.191309213638,134.6365218202273,16.0,0.6875233966004711
nwpu,640.0,6.0,0.0,3.0,3.0,0.57499999997125,0.619999999969,8121.903736114502,135.36506226857503,23.0,0.6797659474505069
nwpu,2560.0,5.0,0.0,4.0,1.0,0.5799999999709999,0.5799999999709999,21556.993822813038,359.2832303802172,33.0,0.6925276057662474
nwpu,20.0,7.0,0.0,3.0,1.0,0.549999999725,0.49999999975,275.7588756084442,4.595981260140737,16.0,0.6770476170969315
nwpu,20.0,7.0,0.0,3.0,2.0,0.549999999725,0.649999999675,335.2568609714508,5.58761434952418,16.0,0.6784342124646234
nwpu,640.0,6.0,0.0,4.0,1.0,0.5699999999715,0.5699999999715,9660.463770389557,161.0077295064926,16.0,0.6876285856854761
nwpu,2560.0,5.0,0.0,4.0,3.0,0.63499999996825,0.63499999996825,21171.43395757675,352.8572326262792,60.0,0.6839355805657931
nwpu,20.0,7.0,0.0,3.0,3.0,0.49999999975,0.549999999725,338.97515392303467,5.649585898717245,16.0,0.6686931290859338
nwpu,20.0,7.0,0.0,4.0,2.0,0.649999999675,0.649999999675,274.8670380115509,4.581117300192515,16.0,0.6845435782824536
nwpu,20.0,7.0,0.0,4.0,1.0,0.49999999975,0.49999999975,371.02503728866577,6.183750621477762,16.0,0.694412604819229
nwpu,2560.0,5.0,0.0,4.0,2.0,0.6299999999685,0.6299999999685,22645.14991044998,377.4191651741664,60.0,0.6878384811026156
nwpu,5120.0,5.0,0.0,4.0,1.0,0.56499999997175,0.56499999997175,19266.65854501724,321.11097575028737,53.0,0.6929617298386367
nwpu,40.0,7.0,0.0,3.0,1.0,0.5499999998625,0.52499999986875,383.9176425933838,6.398627376556396,17.0,0.6835051212986214
nwpu,20.0,7.0,0.0,4.0,3.0,0.549999999725,0.549999999725,538.4533703327179,8.974222838878632,16.0,0.6826395245953563
nwpu,40.0,7.0,0.0,4.0,1.0,0.499999999875,0.499999999875,547.0661976337433,9.117769960562388,17.0,0.6934484712536017
nwpu,40.0,7.0,0.0,3.0,2.0,0.5499999998625,0.5499999998625,778.407753944397,12.973462565739949,7.0,0.6831119219741119
nwpu,40.0,7.0,0.0,3.0,3.0,0.52499999986875,0.5499999998625,650.7835731506348,10.846392885843914,35.0,0.6709730289689144
nwpu,40.0,7.0,0.0,4.0,2.0,0.5749999998562499,0.5749999998562499,556.7277588844299,9.278795981407166,7.0,0.6851273403839091
nwpu,5120.0,5.0,0.0,4.0,3.0,0.59999999997,0.59999999997,19113.194702625275,318.5532450437546,60.0,0.6891987617753135
nwpu,40.0,7.0,0.0,4.0,3.0,0.59999999985,0.59999999985,961.3821778297424,16.023036297162374,17.0,0.6852961359694993
nwpu,5120.0,5.0,0.0,4.0,2.0,0.51499999997425,0.51499999997425,19498.865446805958,324.98109078009924,60.0,0.6933189174276432
nwpu,80.0,7.0,0.0,3.0,1.0,0.54999999993125,0.5374999999328125,1185.8041706085205,19.76340284347534,18.0,0.6909632705778448
nwpu,80.0,7.0,0.0,3.0,2.0,0.7124999999109376,0.724999999909375,1289.302114725113,21.48836857875188,5.0,0.685502486143255
nwpu,80.0,7.0,0.0,4.0,1.0,0.6124999999234375,0.6124999999234375,1228.313060283661,20.471884338061013,11.0,0.6935780083266175
nwpu,80.0,7.0,0.0,3.0,3.0,0.574999999928125,0.54999999993125,1360.1656322479248,22.66942720413208,11.0,0.6793272118911355
nwpu,80.0,7.0,0.0,4.0,3.0,0.6874999999140625,0.6874999999140625,1548.061007976532,25.801016799608867,11.0,0.6873659288024002
nwpu,80.0,7.0,0.0,4.0,2.0,0.7124999999109376,0.7124999999109376,1632.6537804603577,27.21089634100596,5.0,0.6879781054590467
nwpu,160.0,7.0,0.0,3.0,1.0,0.5999999999625,0.6187499999613281,1688.0159180164335,28.133598633607228,16.0,0.6857372611332507
nwpu,1280.0,6.0,0.0,3.0,2.0,0.6399999999679999,0.659999999967,12488.54652929306,208.14244215488435,60.0,0.6831573042017911
nwpu,640.0,6.0,0.0,4.0,2.0,0.63499999996825,0.63499999996825,13303.388426542282,221.72314044237137,16.0,0.6853503751647676
nwpu,1280.0,6.0,0.0,3.0,1.0,0.59499999997025,0.5899999999705,13089.65239095688,218.16087318261464,60.0,0.6864871257088994
nwpu,640.0,6.0,0.0,4.0,3.0,0.619999999969,0.619999999969,14359.110237121582,239.3185039520264,16.0,0.6793676435841267
nwpu,160.0,7.0,0.0,3.0,2.0,0.5874999999632812,0.6374999999601563,2565.9582822322845,42.76597137053808,11.0,0.6861330133247694
nwpu,160.0,7.0,0.0,3.0,3.0,0.5312499999667969,0.6062499999621094,2505.3981232643127,41.75663538773855,30.0,0.6781054061227414
nwpu,160.0,7.0,0.0,4.0,1.0,0.5624999999648437,0.5624999999648437,2543.9313549995422,42.39885591665904,28.0,0.6927684157653795
nwpu,1280.0,6.0,0.0,3.0,3.0,0.6099999999694999,0.59499999997025,14093.683045625688,234.8947174270948,34.0,0.6797255022469144
nwpu,160.0,7.0,0.0,4.0,2.0,0.6937499999566406,0.6937499999566406,3167.8598532676697,52.79766422112783,11.0,0.6881911342905986
nwpu,160.0,7.0,0.0,4.0,3.0,0.6062499999621094,0.6062499999621094,3073.7722492218018,51.22953748703003,11.0,0.6872268384265536
nwpu,320.0,7.0,0.0,3.0,1.0,0.59999999997,0.59499999997025,3466.718576192856,57.7786429365476,19.0,0.6866130959773072
nwpu,320.0,7.0,0.0,3.0,3.0,0.5199999999739999,0.5799999999709999,3314.712417125702,55.24520695209503,47.0,0.679130433180567
nwpu,2560.0,6.0,0.0,3.0,1.0,0.55499999997225,0.55499999997225,14954.404393434525,249.24007322390875,60.0,0.6927494269154358
nwpu,320.0,7.0,0.0,3.0,2.0,0.6149999999692499,0.6149999999692499,5298.663604974747,88.31106008291245,19.0,0.6866760086798658
nwpu,320.0,7.0,0.0,4.0,1.0,0.59999999997,0.59999999997,5249.005301952362,87.48342169920603,19.0,0.6882179820322498
nwpu,2560.0,6.0,0.0,3.0,3.0,0.59499999997025,0.58499999997075,14787.126951217651,246.45211585362756,50.0,0.679446008676589
nwpu,320.0,7.0,0.0,4.0,2.0,0.6699999999665,0.6699999999665,5612.029156208038,93.53381927013398,49.0,0.6866153782391556
nwpu,2560.0,6.0,0.0,3.0,2.0,0.62499999996875,0.60499999996975,16215.642706155775,270.26071176926297,59.0,0.6881376902205026
nwpu,1280.0,6.0,0.0,4.0,1.0,0.619999999969,0.619999999969,19757.00170302391,329.2833617170652,60.0,0.6869260001920041
nwpu,320.0,7.0,0.0,4.0,3.0,0.65499999996725,0.65499999996725,7165.964811563492,119.43274685939151,19.0,0.6849832862401528
nwpu,5120.0,6.0,0.0,3.0,3.0,0.58499999997075,0.6099999999694999,15876.112136363983,264.6018689393997,58.0,0.68095988630681
nwpu,640.0,7.0,0.0,3.0,3.0,0.56499999997175,0.6299999999685,7343.7278089523315,122.39546348253886,39.0,0.6807816398037396
nwpu,5120.0,6.0,0.0,3.0,1.0,0.5499999999724999,0.57499999997125,18116.764592170715,301.94607653617857,50.0,0.6939553102594405
nwpu,640.0,7.0,0.0,3.0,1.0,0.60499999996975,0.62499999996875,8342.307555913925,139.0384592652321,16.0,0.6851002687108758
nwpu,640.0,7.0,0.0,3.0,2.0,0.6499999999675,0.65499999996725,8872.291984319687,147.87153307199478,47.0,0.6851685893428556
nwpu,5120.0,6.0,0.0,3.0,2.0,0.59999999997,0.6149999999692499,17902.430879592896,298.3738479932149,60.0,0.6906557826143567
nwpu,2560.0,6.0,0.0,4.0,1.0,0.5699999999715,0.5699999999715,21679.08322954178,361.3180538256963,60.0,0.6920087699037741
nwpu,1280.0,6.0,0.0,4.0,2.0,0.68499999996575,0.68499999996575,23366.42960500717,389.4404934167862,60.0,0.6843118375880117
nwpu,1280.0,6.0,0.0,4.0,3.0,0.62499999996875,0.62499999996875,24288.38399767876,404.8063999613126,23.0,0.6768413289331617
nwpu,640.0,7.0,0.0,4.0,1.0,0.5799999999709999,0.5799999999709999,11881.643090486526,198.0273848414421,59.0,0.6862622576844752
nwpu,20.0,8.0,0.0,3.0,1.0,0.549999999725,0.49999999975,271.6999092102051,4.528331820170084,29.0,0.6792029502572079
nwpu,20.0,8.0,0.0,3.0,2.0,0.49999999975,0.549999999725,253.4677574634552,4.22446262439092,16.0,0.6842519178545522
nwpu,20.0,8.0,0.0,3.0,3.0,0.549999999725,0.5999999997,241.33626008033752,4.022271001338959,16.0,0.6787186368886527
nwpu,2560.0,6.0,0.0,4.0,2.0,0.6299999999685,0.6299999999685,23412.15077066421,390.2025128444036,60.0,0.6882872660897437
nwpu,20.0,8.0,0.0,4.0,1.0,0.49999999975,0.49999999975,454.05359625816345,7.567559937636058,16.0,0.6969827892871667
nwpu,20.0,8.0,0.0,4.0,2.0,0.5999999997,0.5999999997,348.90238332748413,5.815039722124736,16.0,0.6904117765550856
nwpu,640.0,7.0,0.0,4.0,2.0,0.6449999999677499,0.6449999999677499,12797.441754341124,213.29069590568545,47.0,0.6847957909000209
nwpu,20.0,8.0,0.0,4.0,3.0,0.49999999975,0.49999999975,551.048671245575,9.184144520759585,16.0,0.6813792320659267
nwpu,40.0,8.0,0.0,3.0,1.0,0.5749999998562499,0.52499999986875,421.7819287776947,7.029698812961579,43.0,0.6867674039077454
nwpu,40.0,8.0,0.0,3.0,2.0,0.5499999998625,0.5499999998625,577.991067647934,9.6331844607989,17.0,0.6833330707033809
nwpu,40.0,8.0,0.0,3.0,3.0,0.5499999998625,0.52499999986875,567.1090412139893,9.451817353566488,17.0,0.6709069816581017
nwpu,40.0,8.0,0.0,4.0,1.0,0.52499999986875,0.52499999986875,793.8190231323242,13.230317052205404,17.0,0.6947349582365794
nwpu,40.0,8.0,0.0,4.0,2.0,0.59999999985,0.59999999985,965.7174906730652,16.095291511217752,8.0,0.6851285062507607
nwpu,40.0,8.0,0.0,4.0,3.0,0.6499999998375,0.6499999998375,886.7775824069977,14.77962637344996,17.0,0.6765261600710417
nwpu,80.0,8.0,0.0,3.0,1.0,0.6374999999203126,0.6874999999140625,833.0789122581482,13.884648537635805,18.0,0.6887712740037168
nwpu,640.0,7.0,0.0,4.0,3.0,0.63499999996825,0.63499999996825,13824.5980052948,230.4099667549133,56.0,0.6775759571684824
nwpu,5120.0,6.0,0.0,4.0,3.0,0.619999999969,0.619999999969,22583.040635824203,376.3840105970701,58.0,0.6803192713203958
nwpu,5120.0,6.0,0.0,4.0,2.0,0.59999999997,0.59999999997,22871.114065647125,381.1852344274521,58.0,0.6900343011957523
nwpu,80.0,8.0,0.0,3.0,2.0,0.5999999999250001,0.5999999999250001,1055.8411927223206,17.597353212038676,11.0,0.6892048727604528
nwpu,5120.0,6.0,0.0,4.0,1.0,0.5499999999724999,0.5499999999724999,23608.755740642548,393.47926234404247,58.0,0.693227897161429
nwpu,80.0,8.0,0.0,3.0,3.0,0.574999999928125,0.6749999999156251,1042.7516536712646,17.37919422785441,11.0,0.6743456589332697
nwpu,1280.0,7.0,0.0,3.0,1.0,0.6449999999677499,0.659999999967,14429.727469682692,240.4954578280449,60.0,0.6847719053370314
nwpu,80.0,8.0,0.0,4.0,2.0,0.64999999991875,0.64999999991875,1384.6595785617828,23.077659642696386,11.0,0.6877493511770776
nwpu,80.0,8.0,0.0,4.0,1.0,0.724999999909375,0.724999999909375,1577.2239108085632,26.28706518014272,18.0,0.694906212600629
nwpu,80.0,8.0,0.0,4.0,3.0,0.7499999999062501,0.7499999999062501,1757.0797832012177,29.28466305335363,11.0,0.682613328013924
nwpu,1280.0,7.0,0.0,3.0,2.0,0.659999999967,0.6749999999662499,15205.421837806702,253.4236972967784,52.0,0.6846576634191044
nwpu,160.0,8.0,0.0,3.0,2.0,0.6062499999621094,0.6812499999574219,1798.7933547496796,29.979889245827994,28.0,0.6857506686020456
nwpu,2560.0,6.0,0.0,4.0,3.0,0.6149999999692499,0.6149999999692499,27661.80001235008,461.0300002058347,50.0,0.6787712113800706
nwpu,160.0,8.0,0.0,3.0,3.0,0.5749999999640625,0.6374999999601563,2378.3589210510254,39.63931535085042,30.0,0.6753050118262702
nwpu,160.0,8.0,0.0,3.0,1.0,0.5562499999652344,0.5812499999636719,2676.7814214229584,44.61302369038264,41.0,0.6893580221698973
nwpu,2560.0,7.0,0.0,3.0,1.0,0.57499999997125,0.5699999999715,14393.136675834656,239.88561126391093,60.0,0.6925293604475169
nwpu,160.0,8.0,0.0,4.0,1.0,0.6062499999621094,0.6062499999621094,3360.3403012752533,56.00567168792089,27.0,0.6939354645772191
nwpu,160.0,8.0,0.0,4.0,2.0,0.6312499999605469,0.6312499999605469,3160.0544357299805,52.66757392883301,11.0,0.6920619582697344
nwpu,160.0,8.0,0.0,4.0,3.0,0.7124999999554688,0.7124999999554688,3008.5700681209564,50.14283446868261,28.0,0.6827756696512733
nwpu,1280.0,7.0,0.0,3.0,3.0,0.6149999999692499,0.619999999969,15720.732804775238,262.01221341292063,34.0,0.6783259263776837
nwpu,320.0,8.0,0.0,3.0,1.0,0.62499999996875,0.63499999996825,4187.1976001262665,69.7866266687711,56.0,0.6890275603317471
nwpu,320.0,8.0,0.0,3.0,2.0,0.6499999999675,0.6499999999675,4870.683360338211,81.17805600563685,19.0,0.6843631487870928
nwpu,320.0,8.0,0.0,3.0,3.0,0.6149999999692499,0.6099999999694999,4517.822239160538,75.2970373193423,34.0,0.6803009933020666
nwpu,320.0,8.0,0.0,4.0,1.0,0.68499999996575,0.68499999996575,4971.369010210037,82.85615017016728,56.0,0.6879646372580116
nwpu,2560.0,7.0,0.0,3.0,2.0,0.6099999999694999,0.6149999999692499,16683.32337284088,278.055389547348,60.0,0.6876359031937835
nwpu,320.0,8.0,0.0,4.0,2.0,0.619999999969,0.619999999969,5486.46037364006,91.44100622733434,19.0,0.6863735782885637
nwpu,5120.0,7.0,0.0,3.0,2.0,0.559999999972,0.5699999999715,15884.09650158882,264.73494169314705,59.0,0.691425047232906
nwpu,320.0,8.0,0.0,4.0,3.0,0.699999999965,0.699999999965,7590.71643614769,126.5119406024615,34.0,0.6804537796761541
nwpu,640.0,8.0,0.0,3.0,3.0,0.63499999996825,0.6449999999677499,7115.786523103714,118.59644205172856,39.0,0.6788429421080379
nwpu,5120.0,7.0,0.0,3.0,1.0,0.5699999999715,0.59499999997025,18063.111675024036,301.0518612504005,58.0,0.6935267425320369
nwpu,2560.0,7.0,0.0,3.0,3.0,0.58499999997075,0.59999999997,19794.19565558433,329.9032609264056,59.0,0.6833308598938264
nwpu,640.0,8.0,0.0,3.0,2.0,0.62499999996875,0.59499999997025,8470.050923585892,141.1675153930982,23.0,0.6859819108140572
nwpu,1280.0,7.0,0.0,4.0,2.0,0.66499999996675,0.66499999996675,22911.98086977005,381.86634782950085,60.0,0.6844194893779941
nwpu,5120.0,7.0,0.0,3.0,3.0,0.59499999997025,0.60499999996975,18785.93611884117,313.0989353140195,60.0,0.6865169142824821
nwpu,640.0,8.0,0.0,3.0,1.0,0.6149999999692499,0.6299999999685,9690.470086574554,161.50783477624256,56.0,0.6861600959193782
nwpu,1280.0,7.0,0.0,4.0,1.0,0.6099999999694999,0.6099999999694999,24169.508612155914,402.8251435359319,60.0,0.6858835171006585
nwpu,2560.0,7.0,0.0,4.0,1.0,0.5099999999745,0.5099999999745,21862.14722800255,364.3691204667092,60.0,0.6916493382396283
nwpu,2560.0,7.0,0.0,4.0,2.0,0.63499999996825,0.63499999996825,21640.43834137917,360.6739723563194,60.0,0.687692729705802
nwpu,20.0,9.0,0.0,3.0,1.0,0.49999999975,0.549999999725,338.5599219799042,5.6426653663317365,16.0,0.6955426123240808
nwpu,20.0,9.0,0.0,3.0,2.0,0.549999999725,0.549999999725,241.97825050354004,4.032970841725668,16.0,0.67986757244449
nwpu,20.0,9.0,0.0,3.0,3.0,0.5999999997,0.549999999725,230.23795223236084,3.8372992038726808,16.0,0.6742686351742639
nwpu,640.0,8.0,0.0,4.0,1.0,0.619999999969,0.619999999969,10849.447793245316,180.82412988742192,56.0,0.6862941759717519
nwpu,20.0,9.0,0.0,4.0,1.0,0.49999999975,0.49999999975,310.52456855773926,5.175409475962321,16.0,0.6968636235090664
nwpu,1280.0,7.0,0.0,4.0,3.0,0.65499999996725,0.65499999996725,25909.06355953217,431.8177259922028,52.0,0.6760433914605072
nwpu,20.0,9.0,0.0,4.0,2.0,0.5999999997,0.5999999997,327.14487075805664,5.452414512634277,8.0,0.6845298692141621
nwpu,20.0,9.0,0.0,4.0,3.0,0.49999999975,0.49999999975,340.232684135437,5.670544735590616,16.0,0.6813677909543678
nwpu,640.0,8.0,0.0,4.0,2.0,0.6099999999694999,0.6099999999694999,11328.143641471865,188.80239402453105,58.0,0.6841306614768898
nwpu,40.0,9.0,0.0,3.0,1.0,0.5499999998625,0.499999999875,469.4752085208893,7.824586808681488,43.0,0.6866841666173837
nwpu,40.0,9.0,0.0,3.0,2.0,0.5499999998625,0.5749999998562499,484.5290865898132,8.075484776496888,43.0,0.6833324686964688
nwpu,40.0,9.0,0.0,3.0,3.0,0.5499999998625,0.52499999986875,455.6397547721863,7.593995912869771,24.0,0.6699159024471145
nwpu,640.0,8.0,0.0,4.0,3.0,0.659999999967,0.659999999967,11700.430884122849,195.00718140204748,38.0,0.6771397483243045
nwpu,40.0,9.0,0.0,4.0,1.0,0.52499999986875,0.52499999986875,570.1506817340851,9.50251136223475,17.0,0.6952354155232888
nwpu,40.0,9.0,0.0,4.0,2.0,0.6499999998375,0.6499999998375,717.2994070053101,11.954990116755168,7.0,0.6861665050460105
nwpu,40.0,9.0,0.0,4.0,3.0,0.5499999998625,0.5499999998625,690.2327525615692,11.503879209359487,17.0,0.6855207417681645
nwpu,80.0,9.0,0.0,3.0,1.0,0.6124999999234375,0.6124999999234375,942.7963936328888,15.713273227214811,18.0,0.6910329418510675
nwpu,2560.0,7.0,0.0,4.0,3.0,0.6099999999694999,0.6099999999694999,24388.00008368492,406.46666806141536,59.0,0.6835642867031355
nwpu,80.0,9.0,0.0,3.0,2.0,0.7124999999109376,0.6624999999171876,802.3288950920105,13.372148251533508,5.0,0.6845578914025056
nwpu,80.0,9.0,0.0,3.0,3.0,0.6374999999203126,0.64999999991875,855.7639398574829,14.262732330958048,11.0,0.683561730895428
nwpu,80.0,9.0,0.0,4.0,1.0,0.54999999993125,0.54999999993125,1363.6354739665985,22.72725789944331,18.0,0.6945300369586627
nwpu,80.0,9.0,0.0,4.0,2.0,0.6874999999140625,0.6874999999140625,1654.694887638092,27.57824812730153,11.0,0.6906572853655569
nwpu,1280.0,8.0,0.0,3.0,1.0,0.659999999967,0.659999999967,13663.500972747805,227.72501621246337,58.0,0.6848958788655745
nwpu,80.0,9.0,0.0,4.0,3.0,0.6374999999203126,0.6374999999203126,1517.935271024704,25.298921183745065,5.0,0.6870546578502144
nwpu,5120.0,7.0,0.0,4.0,1.0,0.499999999975,0.499999999975,24542.063992977142,409.0343998829524,58.0,0.6928350430271906
nwpu,160.0,9.0,0.0,3.0,2.0,0.5749999999640625,0.6312499999605469,1612.8153471946716,26.88025578657786,11.0,0.6875130581426079
nwpu,160.0,9.0,0.0,3.0,1.0,0.5749999999640625,0.649999999959375,1771.3165504932404,29.521942508220672,28.0,0.6882772814797335
nwpu,160.0,9.0,0.0,3.0,3.0,0.549999999965625,0.6374999999601563,2360.3072941303253,39.33845490217209,30.0,0.67981913979573
nwpu,5120.0,7.0,0.0,4.0,2.0,0.59999999997,0.59999999997,23734.46877431869,395.5744795719783,59.0,0.6915218199831239
nwpu,160.0,9.0,0.0,4.0,1.0,0.5562499999652344,0.5562499999652344,2235.2249121665955,37.25374853610992,27.0,0.6940033632083108
nwpu,1280.0,8.0,0.0,3.0,2.0,0.699999999965,0.71499999996425,14661.406335353851,244.3567722558975,50.0,0.68047840252945
nwpu,160.0,9.0,0.0,4.0,3.0,0.6687499999582031,0.6687499999582031,2503.3563113212585,41.722605188687645,28.0,0.685527988629411
nwpu,2560.0,8.0,0.0,3.0,1.0,0.5699999999715,0.55499999997225,12846.019711732864,214.10032852888108,60.0,0.6936430478832933
nwpu,160.0,9.0,0.0,4.0,2.0,0.6937499999566406,0.6937499999566406,3089.597853422165,51.49329755703608,11.0,0.6886384468840306
nwpu,320.0,9.0,0.0,3.0,3.0,0.5899999999705,0.6149999999692499,3586.354810476303,59.772580174605054,53.0,0.6821935897852381
nwpu,320.0,9.0,0.0,3.0,2.0,0.63499999996825,0.6499999999675,4462.452789783478,74.37421316305796,19.0,0.6846381413722666
nwpu,320.0,9.0,0.0,4.0,1.0,0.63499999996825,0.63499999996825,4333.310307502747,72.22183845837911,18.0,0.6920487272523146
nwpu,320.0,9.0,0.0,3.0,1.0,0.659999999967,0.62499999996875,4713.532184362412,78.55886973937352,34.0,0.6888338273548394
nwpu,1280.0,8.0,0.0,3.0,3.0,0.62499999996875,0.619999999969,17420.242015123367,290.3373669187228,39.0,0.6781351841234281
nwpu,5120.0,7.0,0.0,4.0,3.0,0.60499999996975,0.60499999996975,27410.006187677383,456.83343646128975,60.0,0.6870848310731216
nwpu,2560.0,8.0,0.0,3.0,2.0,0.6099999999694999,0.57499999997125,14939.250018835068,248.9875003139178,59.0,0.6892958510659316
nwpu,320.0,9.0,0.0,4.0,2.0,0.65499999996725,0.65499999996725,7148.163206577301,119.13605344295502,19.0,0.6837863296056688
nwpu,5120.0,8.0,0.0,3.0,1.0,0.52499999997375,0.539999999973,14900.747520446776,248.34579200744628,58.0,0.6946842010758048
nwpu,320.0,9.0,0.0,4.0,3.0,0.6299999999685,0.6299999999685,7150.326654434204,119.17211090723671,28.0,0.6814867484356585
nwpu,640.0,9.0,0.0,3.0,1.0,0.559999999972,0.57499999997125,7661.383271694183,127.68972119490306,59.0,0.689069090474806
nwpu,2560.0,8.0,0.0,3.0,3.0,0.6099999999694999,0.6299999999685,17885.36876654625,298.0894794424375,58.0,0.6800545332375123
nwpu,5120.0,8.0,0.0,3.0,2.0,0.5499999999724999,0.53499999997325,17053.51594018936,284.2252656698227,60.0,0.6923439189535303
nwpu,640.0,9.0,0.0,3.0,3.0,0.62499999996875,0.6399999999679999,8175.935796737671,136.2655966122945,50.0,0.682285548437902
nwpu,640.0,9.0,0.0,3.0,2.0,0.62499999996875,0.679999999966,8570.852803707123,142.84754672845204,58.0,0.684097643483917
nwpu,1280.0,8.0,0.0,4.0,1.0,0.65499999996725,0.65499999996725,22963.257083892822,382.7209513982137,60.0,0.6854628975334267
nwpu,5120.0,8.0,0.0,3.0,3.0,0.559999999972,0.5699999999715,17798.41564130783,296.64026068846385,59.0,0.6844018831196019
nwpu,640.0,9.0,0.0,4.0,1.0,0.5799999999709999,0.5799999999709999,10574.945717334747,176.24909528891246,59.0,0.6889237069975974
nwpu,1280.0,8.0,0.0,4.0,3.0,0.6699999999665,0.6699999999665,24246.572543382645,404.1095423897107,45.0,0.6767838766518461
nwpu,1280.0,8.0,0.0,4.0,2.0,0.6399999999679999,0.6399999999679999,24379.94602370262,406.332433728377,50.0,0.6836804993890373
nwpu,20.0,10.0,0.0,3.0,1.0,0.549999999725,0.49999999975,245.56724524497983,4.092787420749664,16.0,0.6865072932387088
nwpu,20.0,10.0,0.0,3.0,2.0,0.549999999725,0.549999999725,248.2712481021881,4.137854135036468,16.0,0.6775253000448052
nwpu,20.0,10.0,0.0,3.0,3.0,0.449999999775,0.549999999725,246.28560996055603,4.104760166009267,16.0,0.6656658056030268
nwpu,20.0,10.0,0.0,4.0,1.0,0.49999999975,0.49999999975,335.37584400177,5.589597400029501,16.0,0.6932196983209165
nwpu,20.0,10.0,0.0,4.0,2.0,0.649999999675,0.649999999675,365.4112570285797,6.090187617142996,8.0,0.6887688830031269
nwpu,2560.0,8.0,0.0,4.0,3.0,0.659999999967,0.659999999967,21744.10290837288,362.401715139548,60.0,0.6787885687294662
nwpu,20.0,10.0,0.0,4.0,3.0,0.49999999975,0.49999999975,389.77488112449646,6.496248018741608,16.0,0.6803476270611781
nwpu,640.0,9.0,0.0,4.0,3.0,0.619999999969,0.619999999969,11392.359535217283,189.87265892028807,47.0,0.6779224544657639
nwpu,40.0,10.0,0.0,3.0,1.0,0.5499999998625,0.52499999986875,390.7405772209168,6.512342953681946,17.0,0.6854466520026342
nwpu,40.0,10.0,0.0,3.0,2.0,0.5749999998562499,0.5499999998625,491.3842144012451,8.189736906687418,8.0,0.6842293594557127
nwpu,40.0,10.0,0.0,3.0,3.0,0.5499999998625,0.52499999986875,449.67805767059326,7.494634294509888,8.0,0.6770498989319947
nwpu,40.0,10.0,0.0,4.0,1.0,0.52499999986875,0.52499999986875,528.6304793357849,8.810507988929748,17.0,0.6924276076016276
nwpu,2560.0,8.0,0.0,4.0,1.0,0.56499999997175,0.56499999997175,23441.489854097366,390.69149756828944,60.0,0.6935570751768172
nwpu,40.0,10.0,0.0,4.0,2.0,0.5749999998562499,0.5749999998562499,713.0805983543396,11.884676639238991,7.0,0.6890828953450785
nwpu,40.0,10.0,0.0,4.0,3.0,0.5749999998562499,0.5749999998562499,795.897935628891,13.26496559381485,17.0,0.6818712763273731
nwpu,80.0,10.0,0.0,3.0,1.0,0.5624999999296876,0.5874999999265625,893.2891511917114,14.888152519861857,18.0,0.6883402722213535
nwpu,80.0,10.0,0.0,3.0,2.0,0.5874999999265625,0.6624999999171876,1101.8776724338531,18.364627873897557,11.0,0.6864018433428116
nwpu,80.0,10.0,0.0,3.0,3.0,0.6624999999171876,0.6999999999125001,1013.708865404129,16.895147756735483,5.0,0.6762173681605976
nwpu,5120.0,8.0,0.0,4.0,1.0,0.55499999997225,0.55499999997225,23019.571661233906,383.6595276872317,60.0,0.694723712517989
nwpu,640.0,9.0,0.0,4.0,2.0,0.6099999999694999,0.6099999999694999,14695.114640951157,244.91857734918597,58.0,0.6845273578060004
nwpu,80.0,10.0,0.0,4.0,1.0,0.624999999921875,0.624999999921875,1375.8393099308014,22.93065516551336,18.0,0.693656639370042
nwpu,80.0,10.0,0.0,4.0,2.0,0.6874999999140625,0.6874999999140625,1210.591019153595,20.17651698589325,11.0,0.6859450017548483
nwpu,2560.0,8.0,0.0,4.0,2.0,0.619999999969,0.619999999969,25374.269675016403,422.9044945836067,59.0,0.6888338161252158
nwpu,1280.0,9.0,0.0,3.0,2.0,0.6699999999665,0.65499999996725,13824.445646047592,230.40742743412653,60.0,0.6848561720791013
nwpu,80.0,10.0,0.0,4.0,3.0,0.7999999999,0.7999999999,1476.062932729721,24.601048878828685,5.0,0.6828759240250531
nwpu,160.0,10.0,0.0,3.0,1.0,0.5937499999628906,0.6249999999609375,1953.5254805088043,32.55875800848007,28.0,0.6893688016699041
nwpu,160.0,10.0,0.0,3.0,2.0,0.5874999999632812,0.6687499999582031,2445.9079308509827,40.76513218084971,28.0,0.687554604368153
nwpu,160.0,10.0,0.0,3.0,3.0,0.5624999999648437,0.6437499999597656,2246.0345199108124,37.433908665180205,30.0,0.6759042012269056
nwpu,5120.0,8.0,0.0,4.0,3.0,0.6149999999692499,0.6149999999692499,24738.68206691742,412.311367781957,60.0,0.683373410139747
nwpu,5120.0,8.0,0.0,4.0,2.0,0.53499999997325,0.53499999997325,25983.30403971672,433.055067328612,60.0,0.6924201739571408
nwpu,160.0,10.0,0.0,4.0,1.0,0.5937499999628906,0.5937499999628906,2796.315354347229,46.60525590578715,27.0,0.6922693734928431
nwpu,160.0,10.0,0.0,4.0,2.0,0.649999999959375,0.649999999959375,2955.6750078201294,49.26125013033549,11.0,0.6903939449355645
nwpu,160.0,10.0,0.0,4.0,3.0,0.69999999995625,0.69999999995625,3768.1179053783417,62.80196508963903,28.0,0.68341132517358
nwpu,320.0,10.0,0.0,3.0,1.0,0.619999999969,0.58499999997075,3487.1960203647614,58.11993367274602,56.0,0.6877246653818747
nwpu,320.0,10.0,0.0,3.0,2.0,0.6299999999685,0.6399999999679999,3348.1561627388,55.80260271231334,19.0,0.6857919800067215
nwpu,1280.0,9.0,0.0,3.0,1.0,0.6449999999677499,0.659999999967,17734.54985141754,295.57583085695904,60.0,0.6873433534247023
nwpu,1280.0,9.0,0.0,3.0,3.0,0.6449999999677499,0.6499999999675,17787.168665885925,296.4528110980988,58.0,0.6807871889216595
nwpu,2560.0,9.0,0.0,3.0,1.0,0.60499999996975,0.57499999997125,15480.269962310793,258.0044993718465,58.0,0.693468484952234
nwpu,320.0,10.0,0.0,3.0,3.0,0.6099999999694999,0.65499999996725,4449.007142305374,74.1501190384229,34.0,0.6813585823561413
nwpu,2560.0,9.0,0.0,3.0,2.0,0.57499999997125,0.57499999997125,15933.550206184387,265.55917010307314,60.0,0.6918770518245262
nwpu,320.0,10.0,0.0,4.0,3.0,0.6699999999665,0.6699999999665,5758.898590087891,95.98164316813153,34.0,0.6814815699841206
nwpu,2560.0,9.0,0.0,3.0,3.0,0.6299999999685,0.619999999969,17496.86215209961,291.61436920166017,59.0,0.6841982468706972
nwpu,5120.0,9.0,0.0,3.0,1.0,0.56499999997175,0.5299999999735,15741.595163106918,262.3599193851153,57.0,0.6941619110844304
nwpu,320.0,10.0,0.0,4.0,1.0,0.63499999996825,0.63499999996825,6474.445030927658,107.90741718212765,19.0,0.6879561286949701
nwpu,320.0,10.0,0.0,4.0,2.0,0.65499999996725,0.65499999996725,6640.866126775742,110.68110211292904,19.0,0.6845621871734316
nwpu,640.0,10.0,0.0,3.0,2.0,0.6149999999692499,0.6149999999692499,6600.299127340317,110.00498545567194,47.0,0.6831132560861662
nwpu,5120.0,9.0,0.0,3.0,2.0,0.53499999997325,0.5699999999715,16950.632544517517,282.51054240862527,60.0,0.6921007557652338
nwpu,640.0,10.0,0.0,3.0,1.0,0.6099999999694999,0.62499999996875,7326.7139847278595,122.11189974546431,59.0,0.6858741712463022
nwpu,1280.0,9.0,0.0,4.0,1.0,0.619999999969,0.619999999969,22812.76965379715,380.2128275632858,60.0,0.6875104124488759
nwpu,5120.0,9.0,0.0,3.0,3.0,0.6149999999692499,0.6099999999694999,17084.16433739662,284.7360722899437,60.0,0.6857805260760063
nwpu,640.0,10.0,0.0,3.0,3.0,0.59999999997,0.6399999999679999,8072.2495102882385,134.5374918381373,39.0,0.6792414754523004
nwpu,1280.0,9.0,0.0,4.0,3.0,0.6299999999685,0.6299999999685,25057.32300806045,417.6220501343409,41.0,0.6768104883773354
nwpu,1280.0,9.0,0.0,4.0,2.0,0.6299999999685,0.6299999999685,25357.83843946457,422.6306406577429,17.0,0.6844110370420007
nwpu,2560.0,9.0,0.0,4.0,1.0,0.50499999997475,0.50499999997475,21638.448924541477,360.6408154090246,58.0,0.6923961281718729
nwpu,640.0,10.0,0.0,4.0,2.0,0.619999999969,0.619999999969,10144.629523277285,169.07715872128804,23.0,0.6844637411725862
nwpu,640.0,10.0,0.0,4.0,3.0,0.63499999996825,0.63499999996825,11089.330431461334,184.8221738576889,56.0,0.6785027050865968
nwpu,640.0,10.0,0.0,4.0,1.0,0.6149999999692499,0.6149999999692499,12343.26844739914,205.72114078998567,59.0,0.6860543972146603
nwpu,2560.0,9.0,0.0,4.0,2.0,0.52499999997375,0.52499999997375,24967.78808617592,416.1298014362653,59.0,0.6916719916603942
nwpu,5120.0,9.0,0.0,4.0,2.0,0.5299999999735,0.5299999999735,22708.48333930969,378.4747223218282,60.0,0.6919979605617079
nwpu,5120.0,9.0,0.0,4.0,1.0,0.5099999999745,0.5099999999745,24313.797575235367,405.2299595872561,60.0,0.6931789847157253
nwpu,1280.0,10.0,0.0,3.0,1.0,0.63499999996825,0.679999999966,14912.5246925354,248.54207820892333,60.0,0.6844438846848989
nwpu,2560.0,9.0,0.0,4.0,3.0,0.6499999999675,0.6499999999675,26680.682025432587,444.6780337572098,60.0,0.680761963997572
nwpu,1280.0,10.0,0.0,3.0,2.0,0.6449999999677499,0.619999999969,15370.247189998629,256.1707864999771,17.0,0.6848090317986959
nwpu,5120.0,9.0,0.0,4.0,3.0,0.619999999969,0.619999999969,25265.556801080704,421.09261335134505,60.0,0.6845968620720081
nwpu,1280.0,10.0,0.0,3.0,3.0,0.6149999999692499,0.6149999999692499,14786.599497556686,246.4433249592781,41.0,0.6773556890431227
nwpu,2560.0,10.0,0.0,3.0,1.0,0.54499999997275,0.55499999997225,15161.151086807253,252.68585144678752,60.0,0.69287165577629
nwpu,2560.0,10.0,0.0,3.0,2.0,0.59499999997025,0.62499999996875,15374.256464004517,256.2376077334086,50.0,0.6879004847946063
nwpu,5120.0,10.0,0.0,3.0,1.0,0.559999999972,0.54499999997275,13797.53841161728,229.95897352695465,59.0,0.694016345813054
nwpu,5120.0,10.0,0.0,3.0,2.0,0.59499999997025,0.6099999999694999,15313.354031562803,255.22256719271343,58.0,0.689387022489525
nwpu,5120.0,10.0,0.0,3.0,3.0,0.58499999997075,0.619999999969,16073.029202461244,267.8838200410207,60.0,0.6839955952110511
nwpu,1280.0,10.0,0.0,4.0,2.0,0.63499999996825,0.63499999996825,20563.12068963051,342.7186781605085,41.0,0.6854731468302508
nwpu,2560.0,10.0,0.0,3.0,3.0,0.5899999999705,0.5899999999705,18698.86640238762,311.647773373127,59.0,0.6799749613546291
nwpu,1280.0,10.0,0.0,4.0,1.0,0.659999999967,0.659999999967,22241.244178295132,370.6874029715856,60.0,0.6851582087618634
nwpu,5120.0,10.0,0.0,4.0,1.0,0.55499999997225,0.55499999997225,17822.426543712616,297.0404423952103,58.0,0.6931347772222615
s,,,,,,,,,,,
nwpu,1280.0,10.0,0.0,4.0,3.0,0.62499999996875,0.62499999996875,22468.505959510803,374.47509932518005,34.0,0.6767596406085521
nwpu,2560.0,10.0,0.0,4.0,2.0,0.619999999969,0.619999999969,21666.766787052155,361.1127797842026,58.0,0.6880761431795637
nwpu,2560.0,10.0,0.0,4.0,1.0,0.559999999972,0.559999999972,22867.13564682007,381.1189274470011,60.0,0.6920178539695293
nwpu,2560.0,10.0,0.0,4.0,3.0,0.63499999996825,0.63499999996825,24160.096990585327,402.6682831764221,59.0,0.6789149444046665
nwpu,5120.0,10.0,0.0,4.0,2.0,0.59999999997,0.59999999997,21373.337995052338,356.222299917539,60.0,0.6899439231497173
nwpu,5120.0,10.0,0.0,4.0,3.0,0.63499999996825,0.63499999996825,26316.15579509735,438.6025965849559,60.0,0.6834151736838293
